X Y
0.101534 0.890998
0.052948 0.703211
0.269992 0.635831
0.582161 0.744055
0.293349 0.682636
0.011840 0.566188
0.422056 0.817320
0.123093 0.931871
0.911741 0.915698
0.318497 0.712492
0.284211 0.934634
0.061894 0.390664
0.023674 0.161088
0.129096 0.654464
0.220652 0.591113
0.304800 0.915394
0.250179 0.366694
0.527782 0.707627
0.350475 0.392081
0.068731 0.967638
0.108575 0.669919
0.148182 0.700749
0.460775 0.597858
0.398211 0.722957
0.127356 0.466941
0.704729 0.799170
0.246541 0.533630
0.866001 0.965939
0.159413 0.959746
0.106150 0.620188
0.331142 0.522156
0.291571 0.315949
0.014490 0.244937
0.651231 0.898906
0.621862 0.704847
0.111627 0.528009
0.754743 0.977628
0.120383 0.631518
0.200143 0.968920
0.113539 0.791348
0.119176 0.735402
0.496195 0.635559
0.047859 0.777664
0.305673 0.611414
0.137114 0.799621
0.054918 0.128925
0.758628 0.889153
0.154116 0.958772
0.022346 0.359474
0.137138 0.253758
0.229691 0.442810
0.242431 0.920090
0.500375 0.775880
0.283330 0.712179
0.601332 0.981557
0.000730 0.459406
0.553630 0.891227
0.608899 0.783321
0.334038 0.474071
0.150125 0.576469
0.394161 0.645855
0.779158 0.894536
0.104446 0.208048
0.667454 0.784909
0.593406 0.939492
0.223815 0.347496
0.294634 0.777445
0.238723 0.903534
0.560765 0.572761
0.377605 0.710890
0.149230 0.771766
0.356745 0.928388
0.666302 0.778479
0.027655 0.095323
0.043297 0.479809
0.220199 0.940716
0.221458 0.526934
0.162394 0.782224
0.099695 0.539998
0.311764 0.849859
0.177314 0.978066
0.251084 0.655992
0.263513 0.732150
0.880670 0.957677
0.168696 0.946636
0.205496 0.829490
0.197719 0.583025
0.239017 0.941479
0.111074 0.349310
0.040121 0.121361
0.824824 0.938767
0.205106 0.502790
0.387570 0.444123
0.444269 0.568523
0.597520 0.849760
0.630146 0.708595
0.199070 0.919749
0.378048 0.842200
0.087817 0.784612
0.192303 0.701324
0.489936 0.963768
0.858629 0.883403
0.111580 0.488775
0.023049 0.786572
0.236276 0.856809
0.079826 0.324093
0.025418 0.988599
0.003171 0.936953
0.211905 0.639824
0.404546 0.767466
0.636941 0.776363
0.197311 0.274593
0.263192 0.746017
0.906188 0.934683
0.003947 0.201758
0.155237 0.335032
0.464933 0.806105
0.048970 0.531010
0.377356 0.685912
0.307372 0.324401
0.559129 0.940544
0.351272 0.756440
0.215138 0.650272
0.396289 0.450035
0.132806 0.650881
0.013942 0.930018
0.131776 0.193889
0.352921 0.596709
0.734875 0.968999
0.050444 0.124681
0.603011 0.913181
0.024273 0.674248
0.231125 0.377194
0.138437 0.790844
0.172661 0.174356
0.389019 0.775672
0.087537 0.868667
0.487827 0.968797
0.621441 0.995638
0.053346 0.901523
0.165075 0.328842
0.119686 0.225442
0.351492 0.777150
0.951506 0.973867
0.119021 0.323653
0.347245 0.704358
0.094681 0.803842
0.013882 0.716122
0.617645 0.964555
0.396071 0.534126
0.268066 0.515757
0.292906 0.344416
0.143711 0.244412
0.318282 0.443535
0.607858 0.831714
0.116254 0.923872
0.727714 0.890682
0.078828 0.759814
0.182811 0.523082
0.407056 0.501093
0.661909 0.833353
0.092988 0.146378
0.245249 0.700846
0.624718 0.854891
0.044198 0.371374
0.057465 0.123025
0.131188 0.927203
0.089847 0.144232
0.033642 0.496903
0.187415 0.307234
0.440366 0.605967
0.512300 0.838026
0.209399 0.793117
0.785175 0.884790
0.307069 0.430500
0.362103 0.909644
0.250695 0.320502
0.158528 0.677464
0.319492 0.367927
0.470581 0.999015
0.001066 0.425133
0.048165 0.577507
0.784712 0.845690
0.333642 0.407761
0.083580 0.695745
0.317405 0.334275
0.016247 0.259217
0.097270 0.174775
0.584835 0.709983
0.287490 0.714582
0.478690 0.621132
0.122343 0.562270
0.316877 0.439748
0.698965 0.993816
0.507900 0.635645
0.042906 0.826356
0.301820 0.641067
0.240295 0.362961
0.699463 0.952867
0.416267 0.604971
0.517188 0.924167
0.240616 0.927767
0.312543 0.698638
0.315317 0.671886
0.138144 0.987438
0.510811 0.580990
0.505157 0.889737
0.173259 0.709888
0.262733 0.345277
0.043915 0.613313
0.043772 0.269979
0.142361 0.181917
0.257417 0.307084
0.226067 0.768227
0.873157 0.938184
0.461880 0.629673
0.036033 0.807982
0.153259 0.678602
0.291915 0.619502
0.471261 0.822642
0.411032 0.660930
0.045123 0.284189
0.314985 0.689338
0.367940 0.807953
0.077904 0.558877
0.219806 0.896235
0.773124 0.818920
0.403238 0.686986
0.454067 0.718223
0.376324 0.387979
0.186467 0.744265
0.195932 0.851884
0.404119 0.623387
0.086361 0.265256
0.731123 0.933671
0.597654 0.661501
0.575728 0.658730
0.216710 0.799509
0.085517 0.124879
0.869144 0.874182
0.123868 0.273263
0.411306 0.755706
0.079435 0.699751
0.410786 0.509874
0.451898 0.892154
0.777161 0.949467
0.102383 0.315680
0.178158 0.246283
0.680149 0.924140
0.381299 0.552526
0.062031 0.792084
0.062400 0.961497
0.288387 0.697153
0.201051 0.991112
0.948827 0.978211
0.297494 0.745746
0.187088 0.263405
0.187544 0.250876
0.588683 0.749899
0.320226 0.969982
0.302424 0.382257
0.061978 0.882968
0.107126 0.263028
0.241240 0.814658
0.107164 0.535131
0.524258 0.946413
0.082923 0.998736
0.425481 0.844989
0.363560 0.769236
0.058521 0.929805
0.570342 0.745814
0.019197 0.382541
0.094012 0.543455
0.328954 0.817010
0.024001 0.285715
0.054952 0.479751
0.482318 0.501664
0.233441 0.540839
0.431469 0.574384
0.706523 0.896406
0.515271 0.661417
0.204872 0.955037
0.426293 0.861269
0.391864 0.627194
0.142175 0.394329
0.034502 0.990897
0.671195 0.676723
0.338140 0.860524
0.404282 0.795864
0.189768 0.192031
0.708007 0.854417
0.001384 0.103620
0.610149 0.689190
0.241717 0.752324
0.083519 0.276219
0.743221 0.754714
0.952942 0.977661
0.449611 0.467540
0.243247 0.249778
0.287432 0.838803
0.382072 0.757417
0.494346 0.538477
0.725568 0.740548
0.029364 0.796429
0.068894 0.440928
0.097089 0.475081
0.590211 0.873942
0.387291 0.705844
0.087705 0.241296
0.037725 0.663278
0.078464 0.313451
0.637183 0.721013
0.857908 0.969152
0.884125 0.939462
0.084295 0.271416
0.289069 0.550438
0.038712 0.413508
0.552691 0.685305
0.653512 0.671531
0.610993 0.847147
0.019147 0.321766
0.468890 0.519465
0.013870 0.810296
0.023765 0.137474
0.278949 0.396761
0.232101 0.932461
0.068292 0.994953
0.470098 0.679285
0.169462 0.473121
0.237765 0.891187
0.219752 0.382948
0.193244 0.433343
0.423395 0.849766
0.782226 0.803280
0.482565 0.492549
0.414445 0.519571
0.427771 0.634196
0.005699 0.594845
0.391663 0.787925
0.040250 0.880691
0.534662 0.571725
0.298841 0.888458
0.507541 0.826160
0.829204 0.935312
0.460357 0.731723
0.087086 0.328175
0.621761 0.702633
0.310201 0.662011
0.583324 0.844863
0.233736 0.882164
0.733321 0.937855
0.247487 0.674014
0.368615 0.609533
0.319195 0.652581
0.030588 0.623702
0.314360 0.909658
0.075733 0.548096
0.791823 0.809054
0.485951 0.958295
0.632309 0.925286
0.356840 0.618543
0.254442 0.306662
0.186351 0.995333
0.904991 0.910453
0.048808 0.696814
0.655109 0.673596
0.268197 0.287418
0.529053 0.955723
0.072290 0.951311
0.773762 0.798391
0.268941 0.997529
0.014114 0.547047
0.109823 0.733621
0.081806 0.764933
0.428328 0.581405
0.076508 0.822267
0.099443 0.676192
0.723509 0.910620
0.188877 0.992450
0.096112 0.406389
0.109905 0.110226
0.257165 0.813572
0.073695 0.588631
0.761797 0.797205
0.499251 0.950674
0.647569 0.885767
0.802466 0.961863
0.090904 0.187710
0.001283 0.617292
0.567055 0.940052
0.284213 0.820156
0.362032 0.667559
0.826229 0.861283
0.023276 0.497643
0.337482 0.652163
0.839873 0.961217
0.776454 0.841155
0.781207 0.862722
0.163666 0.736536
0.765561 0.998156
0.621021 0.709325
0.210595 0.644297
0.568334 0.749290
0.092800 0.174689
0.009565 0.256465
0.325892 0.676786
0.268576 0.503283
0.418096 0.476250
0.185575 0.842000
0.167071 0.503640
0.650483 0.751920
0.008385 0.646467
0.305736 0.334277
0.323253 0.949580
0.397155 0.591829
0.452863 0.815251
0.068079 0.084268
0.646198 0.828559
0.443304 0.801275
0.493022 0.610375
0.170928 0.955398
0.904062 0.906169
0.615446 0.912447
0.552636 0.921183
0.246724 0.875889
0.459129 0.535796
0.162722 0.717247
0.018841 0.606026
0.216401 0.823437
0.293498 0.394281
0.480514 0.846135
0.315464 0.727238
0.509853 0.830247
0.725537 0.917747
0.143743 0.514988
0.251910 0.995021
0.712267 0.969478
0.020658 0.230789
0.054226 0.145346
0.624388 0.833061
0.713413 0.917887
0.122529 0.401322
0.156632 0.266273
0.261293 0.866947
0.823175 0.973560
0.836425 0.843833
0.204349 0.317766
0.080893 0.258574
0.463112 0.705281
0.091635 0.176525
0.370452 0.387190
0.950342 0.986331
0.207555 0.570025
0.061883 0.411904
0.081090 0.897879
0.858415 0.942873
0.189496 0.731649
0.533687 0.773396
0.280669 0.363386
0.349717 0.452527
0.097662 0.744591
0.686522 0.831262
0.167298 0.976460
0.486580 0.819664
0.065285 0.344995
0.076644 0.296223
0.028178 0.357313
0.517247 0.716558
0.541129 0.918534
0.741081 0.847111
0.207611 0.908379
0.823570 0.847591
0.014998 0.410315
0.335065 0.831954
0.109501 0.831775
0.463576 0.863418
0.478828 0.980823
0.229436 0.690638
0.252781 0.969558
0.563485 0.634588
0.049841 0.318796
0.150750 0.219497
0.319671 0.619394
0.117607 0.429172
0.451170 0.581183
0.292590 0.929997
0.562007 0.872566
0.193623 0.817022
0.507660 0.522893
0.576230 0.760441
0.395029 0.542292
0.393456 0.675348
0.142300 0.745912
0.307456 0.625864
0.924138 0.950546
0.279975 0.724606
0.399954 0.657132
0.386559 0.694696
0.493369 0.696422
0.135813 0.256033
0.196790 0.846800
0.511149 0.836874
0.033163 0.643322
0.396556 0.785387
0.684939 0.978715
0.056592 0.427321
0.232313 0.828876
0.612589 0.725682
0.525298 0.748402
0.780805 0.834584
0.137751 0.687026
0.267701 0.438205
0.462676 0.801444
0.586831 0.648875
0.472298 0.688785
0.795943 0.997596
0.437187 0.777659
0.270524 0.278645
0.906528 0.910826
0.048235 0.174229
0.569743 0.811707
0.182554 0.508887
0.059737 0.258750
0.152751 0.249314
0.417109 0.423274
0.527959 0.997513
0.358722 0.401747
0.211859 0.406957
0.680795 0.861952
0.552424 0.740532
0.120702 0.131573
0.506664 0.802197
0.452959 0.659415
0.051511 0.870068
0.082689 0.579470
0.332737 0.380748
0.242700 0.621811
0.828828 0.884598
0.459810 0.622247
0.432677 0.481809
0.550065 0.816697
0.111780 0.882802
0.119783 0.735872
0.386199 0.874449
0.738024 0.846008
0.186322 0.345245
0.827053 0.993147
0.809843 0.816708
0.447433 0.800852
0.357213 0.483685
0.480398 0.647519
0.221751 0.977094
0.322339 0.843403
0.027071 0.149392
0.526510 0.646393
0.548707 0.786431
0.347433 0.749339
0.352094 0.704646
0.233024 0.838259
0.444209 0.787763
0.598310 0.924607
0.435281 0.820061
0.244287 0.255205
0.082493 0.629058
0.378397 0.834118
0.134572 0.611421
0.041193 0.235885
0.252359 0.942893
0.166933 0.881056
0.440306 0.689121
0.070031 0.341307
0.386173 0.905804
0.175136 0.719247
0.011841 0.216329
0.159222 0.591900
0.472956 0.480391
0.203294 0.306825
0.123970 0.462108
0.190780 0.399094
0.118341 0.660314
0.665372 0.669208
0.067620 0.138329
0.149599 0.934139
0.240964 0.697147
0.256012 0.960214
0.072606 0.904484
0.564798 0.908374
0.264419 0.489312
0.649840 0.929792
0.158520 0.717460
0.068121 0.308119
0.661012 0.892563
0.338445 0.476013
0.094429 0.430739
0.617821 0.636233
0.778317 0.922577
0.224557 0.343115
0.418768 0.990947
0.198251 0.486889
0.299067 0.849851
0.128187 0.960079
0.199256 0.779016
0.231837 0.795703
0.353269 0.549231
0.030022 0.944928
0.176644 0.228274
0.431817 0.475711
0.078124 0.560004
0.435790 0.820538
0.026636 0.871883
0.129982 0.722861
0.402404 0.870165
0.228169 0.485141
0.280844 0.812059
0.470160 0.999124
0.009126 0.578377
0.661480 0.884775
0.061647 0.371558
0.591975 0.933628
0.403466 0.863793
0.112639 0.252708
0.628110 0.696348
0.239372 0.948439
0.351522 0.610022
0.110491 0.593371
0.164962 0.504124
0.367917 0.819525
0.397685 0.633605
0.177204 0.696711
0.111006 0.818072
0.332821 0.462528
0.428094 0.804225
0.595704 0.936652
0.716617 0.963621
0.018761 0.236697
0.403854 0.722502
0.482955 0.581058
0.419213 0.593961
0.399130 0.752033
0.056489 0.827224
0.556259 0.932186
0.236898 0.537347
0.628927 0.798347
0.188252 0.491176
0.406963 0.477325
0.071287 0.361303
0.059961 0.425424
0.098797 0.713624
0.653065 0.721483
0.331168 0.897898
0.065399 0.325538
0.279013 0.472362
0.298538 0.874150
0.602488 0.876748
0.001926 0.791015
0.011216 0.061888
0.216439 0.683031
0.690430 0.861989
0.279208 0.974650
0.222769 0.932272
0.041303 0.378609
0.029852 0.163989
0.026258 0.031778
0.093666 0.171443
0.720506 0.784096
0.033431 0.704279
0.901415 0.909285
0.112895 0.580066
0.607367 0.620901
0.804715 0.960205
0.115907 0.502718
0.666707 0.831455
0.177538 0.621711
0.055299 0.826585
0.293713 0.956714
0.137337 0.619804
0.199870 0.522927
0.676338 0.807237
0.143828 0.481052
0.136739 0.883349
0.587763 0.941935
0.029109 0.254469
0.477850 0.669334
0.231753 0.533149
0.495919 0.525466
0.032603 0.627200
0.851592 0.975932
0.498859 0.553770
0.034822 0.626141
0.113496 0.538598
0.569964 0.886886
0.115478 0.760957
0.294958 0.750738
0.746238 0.793817
0.304508 0.604936
0.510892 0.740567
0.479732 0.624388
0.247504 0.611318
0.111850 0.932163
0.083493 0.576131
0.204767 0.634572
0.638319 0.955699
0.094059 0.888172
0.021598 0.500942
0.011331 0.782274
0.202783 0.885228
0.289187 0.698441
0.063634 0.401036
0.609999 0.827456
0.190115 0.928961
0.427305 0.577183
0.050628 0.632072
0.211755 0.783613
0.638274 0.850075
0.738247 0.760911
0.233275 0.749578
0.634806 0.832371
0.134500 0.698440
0.233408 0.765104
0.279811 0.977371
0.492107 0.889810
0.152825 0.994942
0.572125 0.774831
0.212202 0.783880
0.558444 0.850476
0.058667 0.816084
0.121780 0.601852
0.252142 0.756586
0.455027 0.667631
0.151746 0.734838
0.439095 0.777473
0.420281 0.434731
0.806932 0.852996
0.819173 0.928712
0.685298 0.889070
0.556701 0.609703
0.253557 0.499811
0.651532 0.692653
0.113198 0.794080
0.204692 0.913974
0.290653 0.624973
0.084349 0.392826
0.518550 0.769647
0.281896 0.976507
0.586210 0.785135
0.040300 0.839767
0.284946 0.691832
0.532420 0.562230
0.197117 0.901332
0.182451 0.401809
0.026781 0.164010
0.558087 0.654843
0.319647 0.496065
0.102078 0.403996
0.009384 0.183346
0.023113 0.153697
0.133939 0.542502
0.391198 0.722673
0.413646 0.513872
0.078310 0.129572
0.042616 0.474503
0.148570 0.357468
0.720789 0.748030
0.794133 0.994969
0.101690 0.513316
0.302551 0.814978
0.823880 0.930386
0.496915 0.867402
0.193780 0.754777
0.049778 0.415654
0.230633 0.428762
0.046077 0.768284
0.758061 0.999774
0.078292 0.610137
0.367117 0.902172
0.540523 0.864032
0.174172 0.443493
0.422761 0.512234
0.274150 0.472539
0.302039 0.870945
0.101868 0.676842
0.805992 0.962492
0.330444 0.939939
0.225744 0.380062
0.038419 0.050611
0.400558 0.792275
0.030111 0.377754
0.054596 0.985435
0.637410 0.842917
0.283611 0.443402
0.165412 0.336036
0.801424 0.981624
0.052418 0.909355
0.041334 0.704259
0.319407 0.678744
0.547176 0.603018
0.122146 0.352585
0.488438 0.593516
0.305248 0.377495
0.010907 0.507437
0.492296 0.808360
0.144396 0.329112
0.744676 0.945819
0.310736 0.623920
0.217728 0.363154
0.533275 0.867391
0.643699 0.959848
0.841364 0.948947
0.337344 0.852271
0.456385 0.829639
0.487348 0.805026
0.750845 0.844278
0.855944 0.968574
0.207433 0.389219
0.835965 0.904559
0.526441 0.540643
0.592680 0.997852
0.185327 0.295043
0.482126 0.641712
0.124683 0.142757
0.223963 0.699999
0.089218 0.503167
0.270228 0.437222
0.797690 0.862908
0.435074 0.586181
0.099288 0.392774
0.216036 0.284615
0.687817 0.698163
0.424531 0.788702
0.152153 0.268585
0.110848 0.568480
0.005703 0.198202
0.243984 0.440777
0.333868 0.539501
0.326683 0.758399
0.328203 0.478836
0.026984 0.815533
0.854951 0.995568
0.053370 0.627764
0.196245 0.206440
0.404642 0.789278
0.132550 0.476274
0.189443 0.760437
0.314651 0.331510
0.427526 0.641333
0.089908 0.755728
0.571261 0.975120
0.112460 0.541327
0.169091 0.443511
0.330048 0.365335
0.649951 0.875342
0.243617 0.797170
0.557606 0.683922
0.321085 0.872257
0.015431 0.748611
0.504340 0.633759
0.500523 0.786018
0.689974 0.830571
0.151354 0.339925
0.705914 0.718636
0.167703 0.614922
0.071196 0.725309
0.298844 0.392281
0.419616 0.645232
0.123779 0.290230
0.384082 0.922411
0.537333 0.734005
0.277094 0.836178
0.126286 0.874660
0.150454 0.267179
0.211917 0.633244
0.084526 0.188457
0.369916 0.605168
0.286095 0.292650
0.026654 0.199666
0.074326 0.810059
0.780503 0.936777
0.031561 0.535194
0.140362 0.405884
0.765160 0.770203
0.062852 0.699241
0.242447 0.973233
0.344348 0.662565
0.033375 0.724477
0.316522 0.960868
0.543049 0.929206
0.795023 0.962228
0.330682 0.935385
0.147098 0.768440
0.716162 0.900419
0.624896 0.758053
0.573785 0.941418
0.038443 0.616566
0.533262 0.581492
0.543720 0.876454
0.263670 0.911832
0.056614 0.119393
0.737697 0.900636
0.141174 0.595644
0.643566 0.697244
0.109265 0.222559
0.217048 0.683050
0.163977 0.935969
0.239464 0.947056
0.050956 0.296078
0.066449 0.788653
0.196714 0.207624
0.384297 0.840280
0.200008 0.502531
0.725090 0.756376
0.692345 0.948806
0.091486 0.244880
0.438550 0.875398
0.203030 0.317947
0.338279 0.442495
0.265002 0.389235
0.177889 0.935287
0.539075 0.562186
0.642519 0.975574
0.284847 0.671565
0.560631 0.630569
0.225975 0.652117
0.173040 0.801584
0.648619 0.911613
0.133036 0.826508
0.388693 0.622466
0.213060 0.882887
0.160056 0.294725
0.050557 0.474358
0.875936 0.971662
0.204904 0.412517
0.231046 0.377944
0.214102 0.879665
0.289557 0.347138
0.019249 0.094867
0.126079 0.356962
0.197833 0.339139
0.239849 0.931927
0.226652 0.272274
0.647852 0.805510
0.808155 0.852756
0.230700 0.432129
0.656713 0.798516
0.063579 0.675547
0.463725 0.877395
0.034779 0.111577
0.682906 0.842933
0.333063 0.801000
0.787637 0.844664
0.852603 0.985028
0.330127 0.800424
0.183314 0.793852
0.061026 0.869762
0.261659 0.943160
0.064794 0.594721
0.744160 0.780083
0.152086 0.617896
0.316146 0.939722
0.057662 0.808900
0.138162 0.240977
0.602752 0.815981
0.459069 0.508181
0.176707 0.520096
0.377942 0.438365
0.033087 0.207416
0.222820 0.740138
0.358034 0.693762
0.314628 0.820594
0.001840 0.814584
0.259471 0.486974
0.824712 0.944880
0.547144 0.962873
0.658076 0.955561
0.393927 0.628278
0.167151 0.213310
0.076482 0.525185
0.345780 0.908912
0.205693 0.605251
0.037791 0.890639
0.183471 0.223648
0.040535 0.962326
0.710877 0.991444
0.431164 0.617950
0.382554 0.776944
0.526862 0.588247
0.382195 0.922749
0.681158 0.725690
0.143347 0.718949
0.289144 0.811171
0.004207 0.218456
0.163652 0.715084
0.209900 0.594816
0.333034 0.592453
0.371760 0.859896
0.180700 0.753955
0.782644 0.861859
0.479645 0.925991
0.252809 0.523405
0.198423 0.267830
0.525503 0.690187
0.405271 0.930272
0.283971 0.738305
0.522726 0.655730
0.598201 0.703426
0.565285 0.889330
0.669497 0.738144
0.846460 0.850585
0.118415 0.869395
0.546800 0.643918
0.333073 0.964854
0.197445 0.617043
0.703159 0.720170
0.272774 0.301360
0.423596 0.682459
0.682205 0.988881
0.571788 0.989042
0.134973 0.557093
0.548688 0.804470
0.295237 0.650287
0.500872 0.991957
0.186580 0.619287
0.263205 0.420934
0.000553 0.596278
0.330644 0.740342
0.061553 0.465617
0.297435 0.610241
0.270087 0.592672
0.734369 0.761400
0.070586 0.920950
0.380687 0.931938
0.352871 0.654883
0.240171 0.738659
0.290423 0.443454
0.257788 0.472960
0.008725 0.613183
0.351842 0.556002
0.327049 0.641976
0.397359 0.439859
0.039757 0.792384
0.224718 0.229329
0.573694 0.818014
0.398221 0.582419
0.962486 0.984394
0.175678 0.359845
0.424253 0.925796
0.047627 0.307566
0.099949 0.268917
0.300820 0.708098
0.522938 0.858523
0.058079 0.096632
0.044068 0.853260
0.199381 0.219746
0.213105 0.623634
0.145542 0.260732
0.102640 0.690883
0.261983 0.457060
0.371120 0.938520
0.046255 0.471002
0.560536 0.937029
0.790289 0.885371
0.509005 0.969893
0.264126 0.440204
0.471353 0.578688
0.049714 0.573993
0.269571 0.801264
0.075751 0.239436
0.125613 0.446871
0.161241 0.195965
0.662183 0.951530
0.081336 0.486533
0.030545 0.096258
0.674945 0.881005
0.075892 0.944517
0.613069 0.758020
0.292781 0.738682
0.204891 0.470738
0.759512 0.856191
0.155271 0.364654
0.460912 0.812985
0.693990 0.763606
0.080374 0.376258
0.041103 0.275419
0.497410 0.800615
0.131610 0.981005
0.222310 0.939330
0.495193 0.683669
0.887023 0.956104
0.496654 0.574737
0.091962 0.190643
0.265026 0.297903
0.040349 0.845495
0.191855 0.532035
0.234915 0.893830
0.233242 0.730107
0.695003 0.778173
0.188640 0.816287
0.114190 0.573225
0.299161 0.621874
0.641119 0.864455
0.145102 0.876034
0.070526 0.674731
0.869264 0.951512
0.125557 0.958522
0.321100 0.883841
0.336867 0.927241
0.219624 0.835477
0.219593 0.629559
0.029090 0.290119
0.311154 0.810718
0.099988 0.462550
0.558939 0.687146
0.568337 0.982536
0.227108 0.787961
0.417520 0.847103
0.532528 0.774798
0.196451 0.382549
0.322882 0.843538
0.108556 0.881822
0.158888 0.614301
0.922615 0.976901
0.061002 0.340135
0.061946 0.927155
0.338688 0.822122
0.042705 0.308500
0.152038 0.505533
0.247409 0.682722
0.592858 0.813727
0.859074 0.980050
0.594351 0.870996
0.211131 0.818867
0.341224 0.844574
0.465635 0.679912
0.142114 0.883444
0.700208 0.736464
0.391817 0.965572
0.513939 0.844994
0.238649 0.259961
0.165105 0.617470
0.412414 0.612240
0.495684 0.499592
0.194664 0.682809
0.215696 0.708603
0.560545 0.676500
0.156963 0.511319
0.128789 0.531981
0.475585 0.809933
0.087820 0.769552
0.060283 0.764996
0.377236 0.686074
0.027223 0.872921
0.185666 0.318215
0.123045 0.380330
0.001023 0.338742
0.088933 0.528825
0.200596 0.353632
0.679627 0.993740
0.116049 0.155212
0.336652 0.346101
0.219022 0.683193
0.063522 0.683113
0.211939 0.473896
0.209952 0.412535
0.827528 0.943949
0.353846 0.816799
0.341149 0.690498
0.162900 0.838676
0.054373 0.381922
0.521868 0.736463
0.878695 0.947797
0.044049 0.706224
0.398702 0.419762
0.063827 0.868795
0.574812 0.911760
0.398491 0.928658
0.728559 0.739640
0.619156 0.891459
0.578316 0.673529
0.409992 0.997371
0.685576 0.829568
0.402170 0.423421
0.371218 0.505131
0.319273 0.385791
0.470712 0.746554
0.658315 0.850422
0.590063 0.593338
0.266867 0.551713
0.268564 0.676859
0.549084 0.954140
0.506427 0.951253
0.377561 0.967508
0.232119 0.748779
0.011744 0.791912
0.604998 0.694471
0.441025 0.826979
0.688754 0.764546
0.435844 0.955621
0.316259 0.704408
0.632480 0.865343
0.267922 0.796633
0.370966 0.872920
0.491104 0.746014
0.031469 0.250394
0.165279 0.517683
0.517858 0.854033
0.282229 0.953701
0.352766 0.687457
0.266511 0.597063
0.383491 0.418613
0.357521 0.956483
0.206877 0.653756
0.028075 0.860788
0.143624 0.294586
0.346447 0.860824
0.272037 0.834924
0.249815 0.478914
0.203648 0.996469
0.345390 0.882084
0.384000 0.871832
0.414106 0.915646
0.099336 0.668829
0.162119 0.602639
0.343490 0.713278
0.735333 0.832170
0.869766 0.938981
0.216038 0.731935
0.647581 0.789328
0.072324 0.424015
0.658300 0.910089
0.477919 0.820419
0.328985 0.976192
0.504646 0.559236
0.253794 0.691873
0.322017 0.501844
0.203431 0.584159
0.675491 0.681349
0.143650 0.733563
0.164412 0.862370
0.406039 0.853882
0.316423 0.910685
0.413118 0.709456
0.342670 0.733695
0.128036 0.591804
0.062720 0.331467
0.175963 0.738212
0.012816 0.580541
0.018836 0.720143
0.044716 0.874799
0.545354 0.968271
0.594605 0.855192
0.019293 0.488289
0.785608 0.868014
0.277041 0.848328
0.199481 0.453004
0.033545 0.512971
0.067792 0.548540
0.306930 0.881465
0.174307 0.326223
0.369755 0.914286
0.011460 0.155363
0.003691 0.981781
0.194078 0.775051
0.103202 0.562841
0.122700 0.707016
0.255556 0.673299
0.440874 0.462531
0.630556 0.920607
0.058184 0.804863
0.246830 0.427939
0.546792 0.586992
0.177223 0.677307
0.063349 0.280425
0.163601 0.186053
0.444343 0.550906
0.384199 0.991135
0.137898 0.867428
0.279433 0.315121
0.595546 0.784884
0.528829 0.582988
0.825986 0.839361
0.171020 0.230924
0.144123 0.899203
0.249539 0.625604
0.165270 0.421542
0.304292 0.819157
0.683780 0.688491
0.810292 0.821678
0.432506 0.732346
0.885538 0.961335
0.315334 0.861010
0.372243 0.844494
0.768242 0.920702
0.004516 0.452022
0.609193 0.814808
0.265766 0.337039
0.142846 0.151304
0.298374 0.458180
0.012315 0.165078
0.599499 0.712686
0.202801 0.971742
0.334595 0.404069
0.662646 0.951004
0.567109 0.911778
0.650324 0.709955
0.063082 0.948698
0.113776 0.767633
0.372540 0.790899
0.466073 0.613610
0.094509 0.329093
0.505591 0.740520
0.241400 0.950789
0.331847 0.660859
0.274469 0.774405
0.146902 0.368978
0.103498 0.652493
0.109498 0.745876
0.725193 0.761796
0.038578 0.507847
0.634855 0.770932
0.067594 0.353922
0.014781 0.807286
0.197361 0.289250
0.658228 0.685189
0.431066 0.721948
0.274649 0.384778
0.925899 0.959986
0.480573 0.879120
0.359426 0.495354
0.210558 0.384352
0.619753 0.740079
0.142884 0.680082
0.806733 0.829715
0.663338 0.812524
0.010098 0.616624
0.000977 0.330083
0.179632 0.707510
0.458591 0.717613
0.121084 0.871819
0.907095 0.933803
0.854614 0.902357
0.221109 0.563449
0.571036 0.622028
0.238652 0.691373
0.021456 0.762524
0.094601 0.201088
0.470035 0.553192
0.000180 0.039785
0.070788 0.127249
0.064684 0.977884
0.061051 0.919299
0.285931 0.441437
0.305806 0.856968
0.063465 0.286850
0.541746 0.999679
0.002416 0.636347
0.200767 0.472450
0.159252 0.742208
0.143235 0.600333
0.737618 0.946111
0.481072 0.974748
0.308176 0.483488
0.011599 0.089658
0.291632 0.848237
0.335891 0.412124
0.109803 0.816963
0.386872 0.417979
0.300451 0.997968
0.096279 0.354594
0.342969 0.781619
0.127140 0.290245
0.138482 0.931600
0.732906 0.849373
0.529728 0.842709
0.666336 0.916601
0.260688 0.966787
0.223175 0.713171
0.360233 0.598406
0.440530 0.703203
0.380026 0.949959
0.128331 0.439420
0.496290 0.861237
0.703946 0.955130
0.942620 0.964634
0.570359 0.895184
0.558086 0.611813
0.248343 0.484024
0.512808 0.941857
0.167369 0.455428
0.234379 0.882975
0.098640 0.626356
0.356689 0.414090
0.677276 0.728298
0.340112 0.714045
0.090718 0.642829
0.235711 0.346101
0.832494 0.936691
0.124668 0.931134
0.209655 0.810926
0.475684 0.549767
0.027988 0.214803
0.715403 0.813625
0.391779 0.827125
0.173226 0.893107
0.829798 0.941786
0.093002 0.108852
0.182566 0.617973
0.392781 0.550191
0.602335 0.784560
0.377315 0.514213
0.412050 0.550541
0.170955 0.493113
0.226897 0.868192
0.371982 0.409463
0.486164 0.675904
0.472407 0.719825
0.021840 0.290585
0.202703 0.624175
0.075145 0.580018
0.138389 0.487195
0.130560 0.545709
0.782826 0.887318
0.179933 0.412788
0.481417 0.955123
0.675918 0.708314
0.117777 0.309479
0.029305 0.541528
0.823314 0.927108
0.194041 0.845154
0.217693 0.396744
0.153427 0.496396
0.794142 0.936253
0.383714 0.974075
0.349041 0.865131
0.573445 0.752513
0.072859 0.691222
0.061993 0.796663
0.018406 0.532232
0.528937 0.905738
0.026923 0.308969
0.013060 0.180350
0.805365 0.807202
0.116603 0.189079
0.054210 0.710475
0.490604 0.627655
0.462989 0.563463
0.318876 0.524981
0.360126 0.600283
0.616279 0.698317
0.230549 0.654878
0.074082 0.399721
0.065263 0.101005
0.281356 0.514055
0.384999 0.840265
0.304158 0.981525
0.366187 0.738121
0.109460 0.395296
0.518441 0.812594
0.062097 0.382045
0.736253 0.954938
0.279639 0.653923
0.931720 0.962972
0.626411 0.907833
0.114495 0.636173
0.374294 0.616329
0.211733 0.421902
0.817198 0.852344
0.133787 0.879295
0.234389 0.703726
0.318669 0.970642
0.243194 0.556285
0.280450 0.869605
0.112226 0.578612
0.059293 0.263051
0.458169 0.971424
0.476471 0.669902
0.393326 0.810373
0.089819 0.897106
0.006796 0.492312
0.048597 0.085199
0.119594 0.512714
0.091326 0.226540
0.073660 0.150619
0.489591 0.531829
0.122043 0.966062
0.201730 0.515369
0.317706 0.815711
0.480984 0.744915
0.523531 0.600578
0.257629 0.861314
0.087854 0.906057
0.499575 0.577445
0.437886 0.621618
0.543506 0.639616
0.136986 0.319941
0.832441 0.862879
0.296459 0.902789
0.299357 0.930042
0.133784 0.995675
0.368373 0.614768
0.740590 0.891904
0.215346 0.998219
0.347174 0.841072
0.468367 0.962023
0.031303 0.605353
0.281964 0.863744
0.013891 0.146822
0.136409 0.310349
0.049610 0.435766
0.431441 0.608764
0.170250 0.253887
0.061252 0.517424
0.364173 0.513477
0.406740 0.832540
0.437893 0.757465
0.301788 0.906124
0.052946 0.934931
0.370697 0.866419
0.285951 0.802138
0.974168 0.975852
0.097621 0.144418
0.018709 0.296448
0.071140 0.320496
0.202572 0.869663
0.128621 0.644025
0.728138 0.951597
0.579656 0.825759
0.096015 0.809396
0.134094 0.158556
0.783872 0.972270
0.285946 0.757930
0.078427 0.141448
0.226749 0.714601
0.135659 0.288886
0.098282 0.937594
0.096151 0.773403
0.204646 0.835372
0.415831 0.490592
0.386330 0.893120
0.105769 0.363134
0.174432 0.632123
0.064990 0.853327
0.492571 0.589815
0.261544 0.893421
0.414676 0.647875
0.011009 0.434702
0.783757 0.825230
0.688988 0.848747
0.009887 0.305288
0.347849 0.980869
0.596216 0.745116
0.321118 0.857760
0.638537 0.735794
0.256238 0.516643
0.418396 0.653567
0.777598 0.781829
0.205060 0.466586
0.630576 0.883617
0.188905 0.441205
0.281870 0.743192
0.100839 0.920407
0.478985 0.606474
0.345485 0.735224
0.123117 0.205266
0.326877 0.827595
0.017079 0.957453
0.711212 0.969985
0.597916 0.900117
0.436870 0.833264
0.487859 0.718740
0.576456 0.588699
0.195173 0.984632
0.189898 0.614974
0.437617 0.736874
0.281923 0.480213
0.307808 0.778086
0.074746 0.568981
0.485508 0.713893
0.624422 0.680681
0.030060 0.436588
0.625298 0.887739
0.647100 0.907220
0.367952 0.408106
0.516020 0.675760
0.694779 0.934263
0.246443 0.613915
0.093524 0.655393
0.694538 0.717361
0.345509 0.724598
0.153949 0.970807
0.612337 0.801049
0.878027 0.980289
0.209155 0.394048
0.329610 0.722765
0.378158 0.934664
0.509182 0.930360
0.443663 0.686461
0.403822 0.540486
0.358819 0.389320
0.455424 0.567974
0.290971 0.341036
0.078927 0.833122
0.814391 0.834121
0.715004 0.764680
0.090139 0.740515
0.765492 0.806204
0.101126 0.127197
0.031451 0.392097
0.254032 0.596640
0.059476 0.853055
0.118968 0.676144
0.133412 0.952854
0.750062 0.932578
0.348015 0.840201
0.646405 0.774220
0.240704 0.677857
0.166317 0.708937
0.098767 0.817456
0.256097 0.352799
0.213113 0.673758
0.006361 0.332081
0.284935 0.524419
0.456997 0.497352
0.866809 0.875349
0.280133 0.873170
0.207430 0.630035
0.012944 0.492365
0.154454 0.162280
0.527361 0.611451
0.122053 0.123621
0.421847 0.604564
0.302052 0.568979
0.042031 0.651758
0.217255 0.671484
0.675354 0.876887
0.074043 0.416896
0.147378 0.998205
0.062748 0.269431
0.121826 0.779229
0.383793 0.451130
0.844034 0.918597
0.087458 0.303843
0.122728 0.129489
0.096078 0.401719
0.771208 0.771432
0.278607 0.845252
0.188328 0.425985
0.695415 0.965282
0.030305 0.647398
0.098527 0.125499
0.704634 0.942562
0.044096 0.564148
0.867991 0.908604
0.261042 0.823592
0.539776 0.996618
0.692097 0.993158
0.158618 0.828870
0.607837 0.712393
0.270303 0.416127
0.193312 0.660439
0.399296 0.630535
0.027266 0.460784
0.409328 0.988145
0.182379 0.567946
0.383558 0.852773
0.045256 0.991395
0.125639 0.820267
0.049679 0.487683
0.065090 0.130846
0.619611 0.882106
0.712399 0.725898
0.428547 0.838038
0.446014 0.615311
0.277839 0.495694
0.102993 0.920176
0.182306 0.591452
0.198669 0.871418
0.452713 0.658660
0.268257 0.771090
0.683816 0.980657
0.334345 0.975683
0.070024 0.987038
0.011731 0.705342
0.191465 0.584370
0.222099 0.939108
0.064839 0.953427
0.612087 0.881610
0.288642 0.295903
0.408266 0.680961
0.656644 0.898807
0.037340 0.112847
0.010947 0.794141
0.315640 0.596426
0.469942 0.604282
0.013169 0.218696
0.043206 0.669813
0.117503 0.772855
0.319906 0.532348
0.104853 0.241289
0.354136 0.969871
0.202918 0.669583
0.467672 0.645541
0.766230 0.783312
0.568381 0.777506
0.434891 0.581549
0.250952 0.571268
0.103914 0.458185
0.103725 0.721896
0.479988 0.526449
0.519998 0.914878
0.107998 0.516200
0.629905 0.643927
0.165047 0.189218
0.911114 0.962456
0.614463 0.869182
0.009329 0.503629
0.046232 0.793617
0.153544 0.217284
0.081739 0.201826
0.186798 0.786686
0.296277 0.582428
0.011631 0.305606
0.086057 0.752775
0.707911 0.949046
0.123824 0.754142
0.742663 0.770832
0.298777 0.343799
0.819551 0.879691
0.198282 0.906293
0.450560 0.785644
0.223909 0.532299
0.083391 0.297262
0.028238 0.207215
0.051405 0.770901
0.050367 0.276825
0.195310 0.776515
0.346136 0.854488
0.328995 0.627601
0.600033 0.647980
0.269203 0.849366
0.524075 0.896186
0.911047 0.954586
0.142531 0.257183
0.053879 0.449206
0.297273 0.382874
0.076807 0.897306
0.030855 0.988153
0.071438 0.286813
0.136178 0.334930
0.587892 0.837055
0.195374 0.644288
0.109763 0.337905
0.901471 0.918837
0.445852 0.955350
0.368042 0.743126
0.338225 0.444849
0.378530 0.921854
0.293738 0.449969
0.181900 0.348895
0.490468 0.915141
0.504071 0.685842
0.559429 0.613834
0.023747 0.460900
0.416250 0.900713
0.212725 0.754475
0.345562 0.853156
0.123554 0.778564
0.434968 0.742663
0.253930 0.927067
0.121165 0.435830
0.275962 0.611633
0.350971 0.780034
0.297475 0.910400
0.371300 0.926538
0.167664 0.651796
0.118564 0.119718
0.480600 0.983546
0.250641 0.756562
0.595179 0.601611
0.536596 0.892655
0.512011 0.930463
0.213877 0.883311
0.670861 0.684253
0.008247 0.212886
0.857066 0.864950
0.460240 0.824279
0.835932 0.858411
0.011776 0.086573
0.082032 0.713487
0.083506 0.939033
0.718187 0.754367
0.623286 0.726434
0.591384 0.845719
0.288796 0.297099
0.085927 0.606089
0.692662 0.972574
0.124142 0.204268
0.145208 0.635943
0.418914 0.768494
0.362377 0.386167
0.248846 0.953761
0.231887 0.537642
0.286678 0.372239
0.273991 0.317473
0.232108 0.394689
0.142725 0.518786
0.575620 0.638357
0.867386 0.956585
0.026308 0.330560
0.648033 0.926655
0.492047 0.630053
0.030988 0.049403
0.509804 0.818090
0.837078 0.975977
0.048321 0.979803
0.494763 0.815249
0.453606 0.895483
0.308926 0.320992
0.852068 0.903055
0.389981 0.878376
0.233616 0.784716
0.178676 0.881649
0.364555 0.500265
0.153897 0.197858
0.084402 0.202219
0.177661 0.579165
0.017468 0.481624
0.377106 0.958474
0.031185 0.357843
0.466267 0.601572
0.129834 0.821258
0.249108 0.779381
0.292332 0.626215
0.266445 0.962939
0.249165 0.671321
0.159817 0.904631
0.153524 0.191002
0.262473 0.601198
0.582968 0.728741
0.815599 0.926480
0.204548 0.670988
0.704201 0.883092
0.242533 0.782649
0.053256 0.938568
0.200044 0.881073
0.127952 0.388669
0.001223 0.943551
0.614539 0.841014
0.061406 0.380965
0.131557 0.953120
0.004650 0.516684
0.299333 0.307419
0.072684 0.810723
0.009543 0.801566
0.190235 0.289667
0.081046 0.505385
0.495438 0.695585
0.360924 0.549675
0.296371 0.365575
0.066359 0.759863
0.067282 0.685442
0.176415 0.421397
0.756417 0.777937
0.406879 0.984501
0.275124 0.902317
0.074518 0.624138
0.029327 0.627684
0.177358 0.996118
0.609410 0.823264
0.054026 0.785825
0.244661 0.810443
0.190641 0.479858
0.768584 0.838976
0.202040 0.468331
0.229227 0.379398
0.464448 0.985053
0.043693 0.407663
0.018350 0.288354
0.218106 0.582112
0.361783 0.794508
0.274366 0.638381
0.149946 0.738725
0.224140 0.651756
0.120087 0.704361
0.661219 0.848658
0.450714 0.679569
0.137012 0.668820
0.261681 0.498796
0.463328 0.987058
0.051221 0.737695
0.011347 0.563238
0.267599 0.306846
0.715969 0.957013
0.000065 0.396758
0.369591 0.450779
0.076327 0.506604
0.119599 0.338008
0.005399 0.582928
0.320623 0.950505
0.257786 0.797043
0.156634 0.490556
0.053794 0.685094
0.299416 0.321393
0.278407 0.727480
0.124238 0.905910
0.412513 0.848850
0.431778 0.863639
0.474533 0.752401
0.082338 0.701915
0.188860 0.360745
0.429395 0.725178
0.217318 0.292771
0.461514 0.649097
0.156410 0.936047
0.401497 0.970554
0.668365 0.950941
0.187149 0.509420
0.657019 0.894300
0.704553 0.737583
0.098328 0.375586
0.618591 0.737545
0.106012 0.683417
0.293281 0.323331
0.103152 0.359207
0.868627 0.981884
0.184600 0.402928
0.512962 0.839845
0.577427 0.593394
0.110929 0.675755
0.413300 0.898199
0.027275 0.815070
0.690403 0.718117
0.188995 0.793555
0.077324 0.513860
0.083856 0.945951
0.108301 0.996082
0.226221 0.685728
0.361484 0.558455
0.066670 0.774784
0.063741 0.140803
0.080034 0.141065
0.087016 0.150407
0.432346 0.435894
0.159113 0.540646
0.579907 0.789154
0.074832 0.153371
0.498996 0.745285
0.201309 0.790817
0.226711 0.850272
0.174301 0.658687
0.235606 0.400676
0.680139 0.958090
0.296607 0.582266
0.007914 0.371438
0.735638 0.801390
0.042345 0.234633
0.546675 0.999731
0.037150 0.501171
0.291988 0.664675
0.177386 0.750553
0.447091 0.857525
0.117571 0.455887
0.038153 0.794715
0.596105 0.827961
0.008424 0.142780
0.575544 0.864842
0.306965 0.549060
0.103301 0.598952
0.213734 0.975415
0.117651 0.728681
0.021830 0.295037
0.152562 0.187877
0.643763 0.691347
0.297888 0.464131
0.269925 0.800490
0.175842 0.563284
0.069138 0.293493
0.588530 0.771199
0.559888 0.741093
0.011226 0.602839
0.155781 0.695536
0.284755 0.641843
0.165463 0.740462
0.204593 0.948955
0.051408 0.098995
0.662279 0.742213
0.520743 0.954245
0.857503 0.861591
0.557127 0.572113
0.655127 0.722590
0.312575 0.379136
0.185940 0.517168
0.328091 0.774870
0.270344 0.838810
0.769511 0.791087
0.203017 0.853264
0.062488 0.521676
0.852844 0.883917
0.606567 0.888801
0.639527 0.836346
0.391294 0.656503
0.451204 0.467432
0.199547 0.296012
0.542031 0.832876
0.433401 0.995944
0.676074 0.854687
0.385153 0.519892
0.264521 0.559301
0.365673 0.629657
0.131799 0.565220
0.398096 0.824008
0.177941 0.288788
0.063263 0.854016
0.143475 0.448417
0.597842 0.638428
0.675460 0.869078
0.248411 0.703489
0.071769 0.426352
0.583449 0.654275
0.292703 0.318017
0.563685 0.921105
0.790184 0.941560
0.280279 0.288918
0.115832 0.886632
0.713321 0.963933
0.891082 0.961732
0.667422 0.962851
0.388085 0.659698
0.097883 0.668453
0.474045 0.681954
0.623514 0.867725
0.553147 0.739346
0.228200 0.370701
0.608290 0.616285
0.030399 0.706173
0.284738 0.825848
0.387505 0.607466
0.068530 0.250127
0.222897 0.629230
0.182169 0.480680
0.355814 0.656214
0.162634 0.943260
0.525494 0.565342
0.210781 0.968258
0.599473 0.819071
0.584543 0.629872
0.525245 0.869281
0.455719 0.912750
0.476747 0.524250
0.162877 0.699644
0.153480 0.860689
0.006231 0.912306
0.290151 0.817216
0.385896 0.815645
0.044418 0.593339
0.094210 0.643891
0.412410 0.678753
0.273762 0.937655
0.548034 0.729482
0.494553 0.734724
0.158878 0.869557
0.513448 0.706306
0.504656 0.770423
0.177634 0.381618
0.660663 0.920495
0.325795 0.973998
0.020492 0.968451
0.674758 0.678982
0.158857 0.837843
0.663862 0.941406
0.338470 0.999036
0.646773 0.656234
0.919210 0.967924
0.108772 0.634175
0.199934 0.811123
0.187433 0.906329
0.110433 0.895906
0.267943 0.726043
0.260378 0.931805
0.249584 0.583366
0.012576 0.403013
0.037188 0.907055
0.013133 0.436395
0.196185 0.591627
0.368613 0.671675
0.443111 0.890636
0.014491 0.202511
0.234569 0.826935
0.634030 0.849992
0.126848 0.271073
0.346807 0.757825
0.125771 0.251714
0.789056 0.970770
0.393634 0.728519
0.015592 0.900842
0.171915 0.499555
0.257380 0.472932
0.938386 0.974090
0.436815 0.871274
0.544261 0.830449
0.238575 0.530823
0.648424 0.846168
0.087792 0.712014
0.547648 0.622544
0.122099 0.803611
0.238284 0.379479
0.120177 0.214929
0.060693 0.112589
0.039947 0.563719
0.032981 0.736369
0.448384 0.758172
0.477735 0.865416
0.106449 0.716019
0.244895 0.382993
0.597922 0.863315
0.396684 0.810704
0.319828 0.725331
0.289050 0.564716
0.096145 0.499575
0.257747 0.428806
0.294222 0.953815
0.451501 0.539116
0.904188 0.934730
0.117438 0.381850
0.288935 0.486967
0.509119 0.577985
0.051683 0.605263
0.077560 0.737172
0.149791 0.335308
0.165978 0.997158
0.070790 0.460199
0.776413 0.903504
0.222511 0.893852
0.285354 0.436137
0.046447 0.742179
0.469446 0.540330
0.005904 0.547007
0.152853 0.953104
0.475394 0.902995
0.050255 0.058322
0.098381 0.692023
0.092663 0.094207
0.254262 0.523528
0.476632 0.752017
0.510941 0.952027
0.655012 0.902547
0.203834 0.461511
0.553364 0.566920
0.407815 0.684139
0.417439 0.762002
0.349029 0.993002
0.136408 0.476386
0.091569 0.777622
0.301150 0.729583
0.752947 0.777783
0.166435 0.933643
0.598123 0.683100
0.250019 0.690952
0.835626 0.913641
0.675642 0.799606
0.501057 0.884177
0.209296 0.382302
0.230009 0.510447
0.111885 0.982955
0.288229 0.593484
0.096377 0.234818
0.260037 0.825038
0.568397 0.935679
0.624644 0.863663
0.295338 0.461408
0.301430 0.504634
0.015080 0.955594
0.549078 0.761236
0.174513 0.273030
0.402431 0.877323
0.258656 0.970828
0.813002 0.883300
0.234760 0.601982
0.133421 0.649543
0.034064 0.647814
0.488697 0.959240
0.349063 0.747353
0.630653 0.764560
0.248649 0.666609
0.178394 0.282713
0.405446 0.728173
0.307037 0.952675
0.007754 0.754692
0.713932 0.982295
0.243803 0.644000
0.144360 0.874457
0.249958 0.338851
0.005460 0.010193
0.141439 0.647175
0.043356 0.546884
0.499560 0.573230
0.003764 0.041855
0.127411 0.247567
0.351550 0.927686
0.397364 0.601507
0.100114 0.271996
0.239356 0.881433
0.528608 0.635235
0.477186 0.497513
0.642628 0.938316
0.185883 0.532819
0.041810 0.307906
0.001239 0.801592
0.408976 0.986867
0.228831 0.886162
0.101700 0.538234
0.071052 0.938857
0.595490 0.698286
0.332217 0.831082
0.333211 0.976644
0.145265 0.312474
0.198636 0.945825
0.537480 0.889906
0.072833 0.639180
0.428139 0.969880
0.197478 0.240954
0.353335 0.920362
0.568037 0.686547
0.897006 0.990101
0.741801 0.855705
0.229801 0.803185
0.149072 0.767281
0.191785 0.333224
0.738261 0.909512
0.002034 0.288191
0.580266 0.698266
0.565262 0.681090
0.272489 0.971723
0.304947 0.422741
0.240641 0.906271
0.369237 0.978902
0.614169 0.715396
0.003587 0.910303
0.328678 0.583853
0.608568 0.896858
0.694839 0.756668
0.437758 0.833153
0.231824 0.240078
0.297427 0.536771
0.662819 0.862222
0.697195 0.903460
0.331028 0.496531
0.112734 0.303258
0.195169 0.441411
0.338269 0.655778
0.412446 0.874483
0.293209 0.850204
0.061804 0.753101
0.035453 0.519723
0.589598 0.710092
0.440232 0.927867
0.365870 0.754050
0.341231 0.841021
0.581910 0.702839
0.368491 0.483012
0.261328 0.482546
0.583650 0.889848
0.368462 0.803907
0.209014 0.212754
0.229357 0.876399
0.277099 0.811267
0.579238 0.861168
0.268217 0.494233
0.019545 0.749469
0.515362 0.628194
0.523156 0.917759
0.490630 0.752514
0.803659 0.897114
0.282473 0.486713
0.280541 0.865676
0.145544 0.348942
0.060794 0.709324
0.107608 0.525997
0.200543 0.869278
0.020120 0.421759
0.600747 0.902580
0.383123 0.529027
0.166052 0.229573
0.646027 0.720836
0.522638 0.791570
0.069778 0.583432
0.500895 0.792116
0.273123 0.608503
0.318113 0.859928
0.633122 0.749326
0.049987 0.804661
0.462856 0.650734
0.707240 0.845979
0.098976 0.345813
0.363952 0.745003
0.066649 0.886589
0.350066 0.398433
0.081606 0.867291
0.937625 0.962088
0.307901 0.877522
0.355645 0.439522
0.256216 0.451490
0.849923 0.994236
0.473573 0.478714
0.125829 0.145525
0.570360 0.908156
0.552697 0.679922
0.503197 0.891333
0.001627 0.189376
0.483221 0.539863
0.047848 0.282781
0.046226 0.592434
0.460927 0.962036
0.077299 0.556013
0.563000 0.580496
0.447346 0.564627
0.769872 0.919030
0.303345 0.686593
0.024289 0.871029
0.186276 0.507511
0.410892 0.598813
0.051173 0.342521
0.523711 0.969796
0.013939 0.169028
0.660411 0.783810
0.088059 0.482880
0.194548 0.391404
0.073300 0.193762
0.778397 0.887907
0.082503 0.302108
0.486271 0.886029
0.629562 0.864386
0.170827 0.694069
0.030198 0.851700
0.290347 0.459074
0.648534 0.764659
0.453570 0.540902
0.339936 0.543152
0.202772 0.332733
0.026802 0.776272
0.402814 0.937593
0.626781 0.948761
0.023711 0.618077
0.077151 0.115048
0.476496 0.725686
0.732708 0.791047
0.331950 0.825958
0.477799 0.671886
0.369110 0.680570
0.004619 0.839824
0.483419 0.652705
0.213872 0.320080
0.435129 0.443259
0.016709 0.314836
0.105883 0.211488
0.037446 0.413493
0.109719 0.406556
0.094064 0.114338
0.145758 0.862475
0.710566 0.880553
0.886914 0.924438
0.200634 0.853678
0.215461 0.635762
0.476646 0.917281
0.494313 0.514092
0.330774 0.604032
0.573070 0.864128
0.029503 0.178285
0.412494 0.689466
0.153086 0.829365
0.143586 0.450023
0.061534 0.094183
0.150664 0.191827
0.249010 0.626568
0.716012 0.967380
0.467368 0.810408
0.249734 0.879862
0.499874 0.556924
0.064748 0.332356
0.302516 0.497560
0.047797 0.453181
0.098158 0.395307
0.299372 0.347168
0.314547 0.815470
0.638568 0.771834
0.445226 0.830966
0.163322 0.513259
0.718307 0.945701
0.443261 0.565732
0.527955 0.873302
0.586502 0.999932
0.132580 0.533705
0.632668 0.660536
0.407007 0.551998
0.210366 0.295693
0.070513 0.294939
0.129132 0.533896
0.222149 0.685803
0.685736 0.887715
0.421420 0.501825
0.478851 0.828427
0.053823 0.689217
0.124120 0.839699
0.264883 0.612964
0.005507 0.844417
0.066795 0.507712
0.781693 0.784602
0.470405 0.922274
0.183475 0.453308
0.059836 0.237298
0.142525 0.183955
0.076997 0.407408
0.251826 0.863715
0.001023 0.392867
0.441094 0.847640
0.478705 0.911498
0.067639 0.579903
0.495403 0.871147
0.393621 0.637928
0.055103 0.470618
0.045337 0.852022
0.536205 0.558279
0.373252 0.389510
0.033141 0.814345
0.237151 0.511847
0.586967 0.775894
0.269427 0.325839
0.176552 0.349578
0.311408 0.892289
0.734797 0.982300
0.418631 0.767938
0.279785 0.522488
0.648093 0.790942
0.482530 0.917520
0.116781 0.451439
0.242049 0.913237
0.262815 0.777093
0.310890 0.755731
0.456346 0.698883
0.221371 0.522112
0.337538 0.585408
0.517192 0.819249
0.229015 0.302044
0.505527 0.964003
0.588849 0.658830
0.196780 0.277740
0.078849 0.665407
0.160565 0.994163
0.330155 0.353109
0.663509 0.835682
0.317112 0.493645
0.411740 0.825059
0.398527 0.860900
0.241447 0.649341
0.231585 0.909720
0.119688 0.534826
0.937831 0.965140
0.067082 0.267986
0.318249 0.730591
0.103668 0.635362
0.224235 0.304142
0.652608 0.769387
0.176026 0.204236
0.202431 0.673243
0.278457 0.322119
0.208069 0.216289
0.484274 0.605508
0.005741 0.587942
0.892084 0.893477
0.082425 0.902750
0.217876 0.384126
0.325089 0.393902
0.663762 0.705280
0.703264 0.942220
0.027398 0.911333
0.158508 0.314657
0.186483 0.642782
0.054513 0.421564
0.324314 0.827750
0.141432 0.542190
0.211876 0.466521
0.144221 0.533523
0.444856 0.526036
0.486277 0.631339
0.168818 0.406442
0.522351 0.621991
0.667329 0.928765
0.758930 0.991643
0.756516 0.900362
0.533834 0.968392
0.366882 0.469926
0.132414 0.921263
0.224708 0.577270
0.447299 0.710984
0.208609 0.616117
0.015659 0.684905
0.277938 0.538010
0.306896 0.945267
0.191683 0.333070
0.940671 0.960314
0.461498 0.849538
0.268888 0.383796
0.640651 0.787607
0.553583 0.947547
0.013373 0.669785
0.243649 0.979561
0.140529 0.435332
0.395646 0.774129
0.930738 0.954850
0.789363 0.833365
0.646468 0.725860
0.109657 0.799019
0.754765 0.902522
0.125142 0.395416
0.342963 0.423004
0.092788 0.942732
0.378064 0.648528
0.314517 0.773710
0.078620 0.375029
