12.000000  
 -428.000000  
 -624.000000  
 -720.000000  
 -808.000000  
 -900.000000  
 -960.000000  
 -976.000000  
 -1064.000000  
 -1096.000000  
 -1116.000000  
 -1168.000000  
 -1184.000000  
 -1228.000000  
 -1204.000000  
 -1156.000000  
 -1216.000000  
 -1176.000000  
 -1168.000000  
 -1124.000000  
 -1192.000000  
 -1228.000000  
 -1188.000000  
 -1208.000000  
 -1212.000000  
 -1200.000000  
 -1232.000000  
 -1236.000000  
 -1232.000000  
 -1256.000000  
 -1236.000000  
 -1200.000000  
 -1204.000000  
 -1260.000000  
 -1308.000000  
 -1280.000000  
 -1272.000000  
 -1268.000000  
 -1240.000000  
 -1228.000000  
 -1196.000000  
 -1208.000000  
 -1252.000000  
 -1220.000000  
 -1232.000000  
 -1248.000000  
 -1268.000000  
 -1248.000000  
 -1256.000000  
 -1272.000000  
 -1224.000000  
 -1220.000000  
 -1232.000000  
 -1284.000000  
 -1288.000000  
 -1268.000000  
 -1344.000000  
 -1288.000000  
 -1300.000000  
 -1300.000000  
 -1296.000000  
 -1240.000000  
 -1264.000000  
 -1264.000000  
 -1188.000000  
 -1188.000000  
 -1196.000000  
 -1172.000000  
 -1228.000000  
 -1296.000000  
 -1228.000000  
 -1268.000000  
 -1276.000000  
 -1312.000000  
 -1232.000000  
 -1232.000000  
 -1232.000000  
 -1232.000000  
 -1224.000000  
 -1308.000000  
 -1316.000000  
 -1368.000000  
 -1388.000000  
 -1396.000000  
 -1388.000000  
 -1384.000000  
 -1396.000000  
 -1372.000000  
 -1392.000000  
 -1376.000000  
 -1380.000000  
 -1332.000000  
 -1340.000000  
 -1364.000000  
 -1356.000000  
 -1324.000000  
 -1320.000000  
 -1328.000000  
 -1344.000000  
 -1312.000000  
 -1252.000000  
 -1240.000000  
 -1252.000000  
 -1252.000000  
 -1252.000000  
 -1244.000000  
 -1308.000000  
 -1332.000000  
 -1328.000000  
 -1392.000000  
 -1356.000000  
 -1332.000000  
 -1336.000000  
 -1336.000000  
 -1336.000000  
 -1316.000000  
 -1304.000000  
 -1304.000000  
 -1312.000000  
 -1352.000000  
 -1316.000000  
 -1340.000000  
 -1380.000000  
 -1376.000000  
 -1416.000000  
 -1452.000000  
 -1428.000000  
 -1464.000000  
 -1468.000000  
 -1444.000000  
 -1428.000000  
 -1380.000000  
 -1392.000000  
 -1440.000000  
 -1460.000000  
 -1416.000000  
 -1424.000000  
 -1432.000000  
 -1400.000000  
 -1396.000000  
 -1388.000000  
 -1400.000000  
 -1416.000000  
 -1376.000000  
 -1388.000000  
 -1404.000000  
 -1408.000000  
 -1428.000000  
 -1428.000000  
 -1424.000000  
 -1380.000000  
 -1372.000000  
 -1416.000000  
 -1408.000000  
 -1388.000000  
 -1392.000000  
 -1432.000000  
 -1396.000000  
 -1352.000000  
 -1336.000000  
 -1348.000000  
 -1384.000000  
 -1336.000000  
 -1360.000000  
 -1356.000000  
 -1356.000000  
 -1312.000000  
 -1344.000000  
 -1300.000000  
 -1340.000000  
 -1356.000000  
 -1344.000000  
 -1360.000000  
 -1364.000000  
 -1356.000000  
 -1344.000000  
 -1292.000000  
 -1264.000000  
 -1308.000000  
 -1296.000000  
 -1304.000000  
 -1276.000000  
 -1292.000000  
 -1352.000000  
 -1368.000000  
 -1348.000000  
 -1376.000000  
 -1388.000000  
 -1368.000000  
 -1376.000000  
 -1372.000000  
 -1352.000000  
 -1332.000000  
 -1308.000000  
 -1296.000000  
 -1336.000000  
 -1368.000000  
 -1336.000000  
 -1376.000000  
 -1356.000000  
 -1416.000000  
 -1376.000000  
 -1400.000000  
 -1356.000000  
 -1364.000000  
 -1308.000000  
 -1320.000000  
 -1344.000000  
 -1352.000000  
 -1364.000000  
 -1364.000000  
 -1328.000000  
 -1304.000000  
 -1304.000000  
 -1320.000000  
 -1360.000000  
 -1292.000000  
 -1320.000000  
 -1292.000000  
 -1264.000000  
 -1304.000000  
 -1312.000000  
 -1356.000000  
 -1344.000000  
 -1352.000000  
 -1372.000000  
 -1396.000000  
 -1400.000000  
 -1324.000000  
 -1324.000000  
 -1336.000000  
 -1316.000000  
 -1272.000000  
 -1304.000000  
 -1336.000000  
 -1340.000000  
 -1340.000000  
 -1308.000000  
 -1308.000000  
 -1388.000000  
 -1380.000000  
 -1392.000000  
 -1412.000000  
 -1360.000000  
 -1348.000000  
 -1292.000000  
 -1296.000000  
 -1324.000000  
 -1312.000000  
 -1324.000000  
 -1304.000000  
 -1284.000000  
 -1360.000000  
 -1392.000000  
 -1376.000000  
 -1316.000000  
 -1324.000000  
 -1308.000000  
 -1336.000000  
 -1364.000000  
 -1372.000000  
 -1424.000000  
 -1436.000000  
 -1404.000000  
 -1432.000000  
 -1400.000000  
 -1388.000000  
 -1420.000000  
 -1412.000000  
 -1380.000000  
 -1368.000000  
 -1404.000000  
 -1420.000000  
 -1404.000000  
 -1364.000000  
 -1336.000000  
 -1312.000000  
 -1348.000000  
 -1348.000000  
 -1344.000000  
 -1380.000000  
 -1368.000000  
 -1364.000000  
 -1324.000000  
 -1352.000000  
 -1356.000000  
 -1328.000000  
 -1356.000000  
 -1356.000000  
 -1388.000000  
 -1332.000000  
 -1376.000000  
 -1400.000000  
 -1392.000000  
 -1388.000000  
 -1420.000000  
 -1440.000000  
 -1440.000000  
 -1448.000000  
 -1436.000000  
 -1420.000000  
 -1436.000000  
 -1448.000000  
 -1436.000000  
 -1448.000000  
 -1448.000000  
 -1472.000000  
 -1488.000000  
 -1448.000000  
 -1480.000000  
 -1484.000000  
 -1504.000000  
 -1460.000000  
 -1468.000000  
 -1436.000000  
 -1428.000000  
 -1460.000000  
 -1432.000000  
 -1436.000000  
 -1472.000000  
 -1456.000000  
 -1456.000000  
 -1440.000000  
 -1420.000000  
 -1440.000000  
 -1412.000000  
 -1432.000000  
 -1408.000000  
 -1416.000000  
 -1428.000000  
 -1420.000000  
 -1420.000000  
 -1464.000000  
 -1468.000000  
 -1448.000000  
 -1400.000000  
 -1400.000000  
 -1396.000000  
 -1396.000000  
 -1392.000000  
 -1360.000000  
 -1344.000000  
 -1380.000000  
 -1352.000000  
 -1332.000000  
 -1364.000000  
 -1408.000000  
 -1416.000000  
 -1380.000000  
 -1376.000000  
 -1368.000000  
 -1408.000000  
 -1404.000000  
 -1388.000000  
 -1408.000000  
 -1368.000000  
 -1404.000000  
 -1400.000000  
 -1400.000000  
 -1428.000000  
 -1456.000000  
 -1432.000000  
 -1428.000000  
 -1392.000000  
 -1412.000000  
 -1388.000000  
 -1428.000000  
 -1428.000000  
 -1436.000000  
 -1420.000000  
 -1432.000000  
 -1488.000000  
 -1508.000000  
 -1472.000000  
 -1476.000000  
 -1444.000000  
 -1420.000000  
 -1508.000000  
 -1436.000000  
 -1396.000000  
 -1388.000000  
 -1396.000000  
 -1380.000000  
 -1416.000000  
 -1444.000000  
 -1416.000000  
 -1432.000000  
 -1448.000000  
 -1404.000000  
 -1396.000000  
 -1460.000000  
 -1440.000000  
 -1400.000000  
 -1360.000000  
 -1392.000000  
 -1400.000000  
 -1416.000000  
 -1420.000000  
 -1440.000000  
 -1372.000000  
 -1408.000000  
 -1412.000000  
 -1448.000000  
 -1452.000000  
 -1432.000000  
 -1400.000000  
 -1376.000000  
 -1348.000000  
 -1324.000000  
 -1392.000000  
 -1440.000000  
 -1428.000000  
 -1460.000000  
 -1416.000000  
 -1420.000000  
 -1412.000000  
 -1372.000000  
 -1380.000000  
 -1392.000000  
 -1400.000000  
 -1452.000000  
 -1384.000000  
 -1424.000000  
 -1456.000000  
 -1472.000000  
 -1480.000000  
 -1512.000000  
 -1460.000000  
 -1428.000000  
 -1488.000000  
 -1428.000000  
 -1436.000000  
 -1412.000000  
 -1376.000000  
 -1448.000000  
 -1448.000000  
 -1480.000000  
 -1516.000000  
 -1552.000000  
 -1512.000000  
 -1548.000000  
 -1544.000000  
 -1548.000000  
 -1536.000000  
 -1504.000000  
 -1520.000000  
 -1552.000000  
 -1572.000000  
 -1552.000000  
 -1576.000000  
 -1588.000000  
 -1592.000000  
 -1528.000000  
 -1508.000000  
 -1464.000000  
 -1528.000000  
 -1536.000000  
 -1580.000000  
 -1584.000000  
 -1508.000000  
 -1540.000000  
 -1592.000000  
 -1548.000000  
 -1532.000000  
 -1528.000000  
 -1500.000000  
 -1548.000000  
 -1580.000000  
 -1588.000000  
 -1600.000000  
 -1652.000000  
 -1660.000000  
 -1648.000000  
 -1628.000000  
 -1576.000000  
 -1592.000000  
 -1576.000000  
 -1604.000000  
 -1608.000000  
 -1592.000000  
 -1612.000000  
 -1632.000000  
 -1652.000000  
 -1668.000000  
 -1624.000000  
 -1648.000000  
 -1604.000000  
 -1604.000000  
 -1564.000000  
 -1596.000000  
 -1616.000000  
 -1616.000000  
 -1600.000000  
 -1632.000000  
 -1632.000000  
 -1616.000000  
 -1580.000000  
 -1588.000000  
 -1604.000000  
 -1644.000000  
 -1632.000000  
 -1664.000000  
 -1600.000000  
 -1576.000000  
 -1572.000000  
 -1580.000000  
 -1572.000000  
 -1568.000000  
 -1572.000000  
 -1644.000000  
 -1604.000000  
 -1584.000000  
 -1592.000000  
 -1564.000000  
 -1576.000000  
 -1612.000000  
 -1612.000000  
 -1632.000000  
 -1668.000000  
 -1608.000000  
 -1564.000000  
 -1600.000000  
 -1612.000000  
 -1548.000000  
 -1592.000000  
 -1592.000000  
 -1596.000000  
 -1564.000000  
 -1596.000000  
 -1568.000000  
 -1524.000000  
 -1532.000000  
 -1512.000000  
 -1584.000000  
 -1556.000000  
 -1544.000000  
 -1544.000000  
 -1532.000000  
 -1536.000000  
 -1592.000000  
 -1632.000000  
 -1604.000000  
 -1628.000000  
 -1604.000000  
 -1540.000000  
 -1596.000000  
 -1556.000000  
 -1532.000000  
 -1520.000000  
 -1508.000000  
 -1520.000000  
 -1520.000000  
 -1556.000000  
 -1508.000000  
 -1532.000000  
 -1564.000000  
 -1612.000000  
 -1600.000000  
 -1552.000000  
 -1600.000000  
 -1616.000000  
 -1616.000000  
 -1564.000000  
 -1576.000000  
 -1584.000000  
 -1572.000000  
 -1560.000000  
 -1600.000000  
 -1644.000000  
 -1596.000000  
 -1532.000000  
 -1544.000000  
 -1556.000000  
 -1592.000000  
 -1588.000000  
 -1576.000000  
 -1484.000000  
 -1532.000000  
 -1568.000000  
 -1564.000000  
 -1568.000000  
 -1528.000000  
 -1520.000000  
 -1520.000000  
 -1540.000000  
 -1512.000000  
 -1528.000000  
 -1496.000000  
 -1492.000000  
 -1524.000000  
 -1520.000000  
 -1492.000000  
 -1520.000000  
 -1528.000000  
 -1544.000000  
 -1572.000000  
 -1572.000000  
 -1564.000000  
 -1596.000000  
 -1600.000000  
 -1604.000000  
 -1596.000000  
 -1608.000000  
 -1612.000000  
 -1608.000000  
 -1592.000000  
 -1640.000000  
 -1644.000000  
 -1664.000000  
 -1656.000000  
 -1608.000000  
 -1588.000000  
 -1552.000000  
 -1580.000000  
 -1580.000000  
 -1556.000000  
 -1588.000000  
 -1564.000000  
 -1576.000000  
 -1572.000000  
 -1584.000000  
 -1580.000000  
 -1552.000000  
 -1556.000000  
 -1616.000000  
 -1608.000000  
 -1628.000000  
 -1596.000000  
 -1608.000000  
 -1592.000000  
 -1612.000000  
 -1640.000000  
 -1628.000000  
 -1648.000000  
 -1600.000000  
 -1572.000000  
 -1584.000000  
 -1564.000000  
 -1556.000000  
 -1632.000000  
 -1620.000000  
 -1604.000000  
 -1608.000000  
 -1604.000000  
 -1596.000000  
 -1568.000000  
 -1544.000000  
 -1516.000000  
 -1560.000000  
 -1556.000000  
 -1528.000000  
 -1588.000000  
 -1568.000000  
 -1552.000000  
 -1532.000000  
 -1556.000000  
 -1568.000000  
 -1576.000000  
 -1564.000000  
 -1580.000000  
 -1552.000000  
 -1528.000000  
 -1596.000000  
 -1568.000000  
 -1512.000000  
 -1532.000000  
 -1540.000000  
 -1536.000000  
 -1524.000000  
 -1544.000000  
 -1576.000000  
 -1512.000000  
 -1536.000000  
 -1596.000000  
 -1584.000000  
 -1624.000000  
 -1628.000000  
 -1592.000000  
 -1640.000000  
 -1640.000000  
 -1668.000000  
 -1620.000000  
 -1636.000000  
 -1672.000000  
 -1692.000000  
 -1632.000000  
 -1608.000000  
 -1600.000000  
 -1648.000000  
 -1588.000000  
 -1588.000000  
 -1556.000000  
 -1560.000000  
 -1560.000000  
 -1564.000000  
 -1560.000000  
 -1572.000000  
 -1572.000000  
 -1584.000000  
 -1588.000000  
 -1568.000000  
 -1568.000000  
 -1588.000000  
 -1588.000000  
 -1564.000000  
 -1520.000000  
 -1508.000000  
 -1532.000000  
 -1552.000000  
 -1568.000000  
 -1544.000000  
 -1544.000000  
 -1544.000000  
 -1524.000000  
 -1492.000000  
 -1520.000000  
 -1536.000000  
 -1472.000000  
 -1468.000000  
 -1480.000000  
 -1544.000000  
 -1516.000000  
 -1540.000000  
 -1544.000000  
 -1564.000000  
 -1564.000000  
 -1548.000000  
 -1532.000000  
 -1528.000000  
 -1536.000000  
 -1544.000000  
 -1552.000000  
 -1520.000000  
 -1532.000000  
 -1524.000000  
 -1516.000000  
 -1496.000000  
 -1512.000000  
 -1528.000000  
 -1540.000000  
 -1560.000000  
 -1576.000000  
 -1588.000000  
 -1552.000000  
 -1572.000000  
 -1556.000000  
 -1528.000000  
 -1572.000000  
 -1608.000000  
 -1584.000000  
 -1540.000000  
 -1556.000000  
 -1568.000000  
 -1624.000000  
 -1612.000000  
 -1608.000000  
 -1632.000000  
 -1632.000000  
 -1632.000000  
 -1644.000000  
 -1608.000000  
 -1560.000000  
 -1516.000000  
 -1532.000000  
 -1528.000000  
 -1492.000000  
 -1532.000000  
 -1568.000000  
 -1532.000000  
 -1568.000000  
 -1564.000000  
 -1640.000000  
 -1620.000000  
 -1596.000000  
 -1616.000000  
 -1568.000000  
 -1516.000000  
 -1516.000000  
 -1508.000000  
 -1528.000000  
 -1576.000000  
 -1600.000000  
 -1600.000000  
 -1548.000000  
 -1516.000000  
 -1512.000000  
 -1520.000000  
 -1536.000000  
 -1556.000000  
 -1532.000000  
 -1540.000000  
 -1532.000000  
 -1568.000000  
 -1580.000000  
 -1576.000000  
 -1584.000000  
 -1608.000000  
 -1644.000000  
 -1556.000000  
 -1540.000000  
 -1536.000000  
 -1548.000000  
 -1588.000000  
 -1604.000000  
 -1624.000000  
 -1600.000000  
 -1548.000000  
 -1572.000000  
 -1564.000000  
 -1524.000000  
 -1520.000000  
 -1548.000000  
 -1584.000000  
 -1608.000000  
 -1584.000000  
 -1580.000000  
 -1544.000000  
 -1556.000000  
 -1568.000000  
 -1572.000000  
 -1516.000000  
 -1604.000000  
 -1620.000000  
 -1576.000000  
 -1500.000000  
 -1532.000000  
 -1560.000000  
 -1536.000000  
 -1576.000000  
 -1588.000000  
 -1504.000000  
 -1508.000000  
 -1516.000000  
 -1556.000000  
 -1528.000000  
 -1552.000000  
 -1512.000000  
 -1568.000000  
 -1568.000000  
 -1544.000000  
 -1536.000000  
 -1568.000000  
 -1560.000000  
 -1572.000000  
 -1480.000000  
 -1484.000000  
 -1520.000000  
 -1520.000000  
 -1504.000000  
 -1468.000000  
 -1408.000000  
 -1380.000000  
 -1396.000000  
 -1432.000000  
 -1456.000000  
 -1420.000000  
 -1380.000000  
 -1416.000000  
 -1468.000000  
 -1484.000000  
 -1524.000000  
 -1540.000000  
 -1576.000000  
 -1560.000000  
 -1496.000000  
 -1564.000000  
 -1536.000000  
 -1560.000000  
 -1584.000000  
 -1552.000000  
 -1536.000000  
 -1580.000000  
 -1576.000000  
 -1564.000000  
 -1592.000000  
 -1540.000000  
 -1572.000000  
 -1560.000000  
 -1568.000000  
 -1560.000000  
 -1584.000000  
 -1600.000000  
 -1608.000000  
 -1640.000000  
 -1592.000000  
 -1608.000000  
 -1580.000000  
 -1616.000000  
 -1580.000000  
 -1588.000000  
 -1624.000000  
 -1648.000000  
 -1664.000000  
 -1648.000000  
 -1664.000000  
 -1648.000000  
 -1660.000000  
 -1660.000000  
 -1600.000000  
 -1528.000000  
 -1580.000000  
 -1500.000000  
 -1520.000000  
 -1496.000000  
 -1516.000000  
 -1560.000000  
 -1608.000000  
 -1620.000000  
 -1600.000000  
 -1584.000000  
 -1572.000000  
 -1524.000000  
 -1520.000000  
 -1524.000000  
 -1452.000000  
 -1444.000000  
 -1500.000000  
 -1540.000000  
 -1588.000000  
 -1576.000000  
 -1560.000000  
 -1572.000000  
 -1576.000000  
 -1524.000000  
 -1536.000000  
 -1528.000000  
 -1516.000000  
 -1488.000000  
 -1480.000000  
 -1540.000000  
 -1576.000000  
 -1588.000000  
 -1560.000000  
 -1620.000000  
 -1620.000000  
 -1616.000000  
 -1576.000000  
 -1584.000000  
 -1488.000000  
 -1508.000000  
 -1520.000000  
 -1476.000000  
 -1540.000000  
 -1536.000000  
 -1520.000000  
 -1584.000000  
 -1564.000000  
 -1592.000000  
 -1620.000000  
 -1612.000000  
 -1592.000000  
 -1580.000000  
 -1572.000000  
 -1572.000000  
 -1628.000000  
 -1664.000000  
 -1652.000000  
 -1620.000000  
 -1604.000000  
 -1620.000000  
 -1612.000000  
 -1604.000000  
 -1612.000000  
 -1576.000000  
 -1532.000000  
 -1592.000000  
 -1604.000000  
 -1652.000000  
 -1688.000000  
 -1656.000000  
 -1628.000000  
 -1556.000000  
 -1512.000000  
 -1524.000000  
 -1588.000000  
 -1620.000000  
 -1608.000000  
 -1580.000000  
 -1576.000000  
 -1552.000000  
 -1544.000000  
 -1588.000000  
 -1580.000000  
 -1576.000000  
 -1604.000000  
 -1596.000000  
 -1568.000000  
 -1548.000000  
 -1520.000000  
 -1556.000000  
 -1532.000000  
 -1548.000000  
 -1556.000000  
 -1524.000000  
 -1560.000000  
 -1568.000000  
 -1556.000000  
 -1572.000000  
 -1588.000000  
 -1616.000000  
 