0.008889  
 0.073333  
 0.064444  
 0.126667  
 0.122222  
 0.113333  
 0.115556  
 0.128889  
 0.160000  
 0.182222  
 0.197778  
 0.188889  
 0.157778  
 0.171111  
 0.175556  
 0.197778  
 0.204444  
 0.195556  
 0.171111  
 0.166667  
 0.191111  
 0.206667  
 0.193333  
 0.195556  
 0.220000  
 0.213333  
 0.240000  
 0.251111  
 0.193333  
 0.175556  
 0.153333  
 0.146667  
 0.126667  
 0.115556  
 0.128889  
 0.133333  
 0.128889  
 0.148889  
 0.193333  
 0.186667  
 0.162222  
 0.164444  
 0.164444  
 0.097778  
 0.104444  
 0.097778  
 0.060000  
 0.060000  
 0.053333  
 0.077778  
 0.028889  
 0.031111  
 0.011111  
 -0.024444  
 -0.031111  
 -0.017778  
 0.008889  
 0.000000  
 0.006667  
 -0.015556  
 -0.033333  
 -0.031111  
 -0.055556  
 -0.053333  
 -0.071111  
 -0.086667  
 -0.095556  
 -0.122222  
 -0.133333  
 -0.148889  
 -0.137778  
 -0.142222  
 -0.126667  
 -0.126667  
 -0.084444  
 -0.104444  
 -0.135556  
 -0.171111  
 -0.153333  
 -0.148889  
 -0.188889  
 -0.191111  
 -0.235556  
 -0.206667  
 -0.202222  
 -0.224444  
 -0.224444  
 -0.235556  
 -0.237778  
 -0.228889  
 -0.186667  
 -0.162222  
 -0.188889  
 -0.171111  
 -0.188889  
 -0.200000  
 -0.193333  
 -0.222222  
 -0.220000  
 -0.168889  
 -0.137778  
 -0.102222  
 -0.111111  
 -0.122222  
 -0.142222  
 -0.124444  
 -0.164444  
 -0.177778  
 -0.166667  
 -0.200000  
 -0.204444  
 -0.224444  
 -0.202222  
 -0.208889  
 -0.195556  
 -0.180000  
 -0.197778  
 -0.235556  
 -0.220000  
 -0.202222  
 -0.184444  
 -0.186667  
 -0.160000  
 -0.126667  
 -0.153333  
 -0.157778  
 -0.164444  
 -0.191111  
 -0.184444  
 -0.175556  
 -0.188889  
 -0.197778  
 -0.191111  
 -0.177778  
 -0.171111  
 -0.182222  
 -0.186667  
 -0.204444  
 -0.211111  
 -0.208889  
 -0.175556  
 -0.166667  
 -0.144444  
 -0.137778  
 -0.113333  
 -0.093333  
 -0.104444  
 -0.122222  
 -0.120000  
 -0.140000  
 -0.133333  
 -0.133333  
 -0.144444  
 -0.142222  
 -0.115556  
 -0.135556  
 -0.093333  
 -0.117778  
 -0.115556  
 -0.108889  
 -0.100000  
 -0.102222  
 -0.086667  
 -0.108889  
 -0.082222  
 -0.057778  
 -0.037778  
 -0.044444  
 -0.040000  
 -0.040000  
 -0.044444  
 -0.017778  
 -0.011111  
 -0.033333  
 -0.024444  
 -0.011111  
 -0.026667  
 -0.028889  
 -0.084444  
 -0.077778  
 -0.102222  
 -0.106667  
 -0.124444  
 -0.111111  
 -0.088889  
 -0.075556  
 -0.008889  
 -0.011111  
 -0.022222  
 -0.044444  
 -0.068889  
 -0.086667  
 -0.095556  
 -0.057778  
 -0.042222  
 -0.053333  
 -0.082222  
 -0.117778  
 -0.140000  
 -0.177778  
 -0.208889  
 -0.213333  
 -0.208889  
 -0.182222  
 -0.224444  
 -0.213333  
 -0.215556  
 -0.195556  
 -0.173333  
 -0.180000  
 -0.206667  
 -0.220000  
 -0.217778  
 -0.246667  
 -0.206667  
 -0.206667  
 -0.235556  
 -0.220000  
 -0.224444  
 -0.215556  
 -0.215556  
 -0.193333  
 -0.213333  
 -0.222222  
 -0.208889  
 -0.195556  
 -0.197778  
 -0.200000  
 -0.175556  
 -0.206667  
 -0.224444  
 -0.177778  
 -0.160000  
 -0.148889  
 -0.117778  
 -0.122222  
 -0.111111  
 -0.102222  
 -0.088889  
 -0.108889  
 -0.097778  
 -0.137778  
 -0.144444  
 -0.157778  
 -0.171111  
 -0.202222  
 -0.166667  
 -0.191111  
 -0.197778  
 -0.217778  
 -0.231111  
 -0.224444  
 -0.237778  
 -0.246667  
 -0.246667  
 -0.271111  
 -0.273333  
 -0.275556  
 -0.304444  
 -0.335556  
 -0.333333  
 -0.326667  
 -0.313333  
 -0.308889  
 -0.328889  
 -0.297778  
 -0.302222  
 -0.288889  
 -0.284444  
 -0.277778  
 -0.280000  
 -0.304444  
 -0.275556  
 -0.271111  
 -0.264444  
 -0.264444  
 -0.226667  
 -0.248889  
 -0.246667  
 -0.282222  
 -0.313333  
 -0.317778  
 -0.320000  
 -0.304444  
 -0.295556  
 -0.293333  
 -0.304444  
 -0.331111  
 -0.315556  
 -0.335556  
 -0.302222  
 -0.311111  
 -0.282222  
 -0.266667  
 -0.297778  
 -0.284444  
 -0.291111  
 -0.304444  
 -0.315556  
 -0.331111  
 -0.295556  
 -0.297778  
 -0.291111  
 -0.280000  
 -0.286667  
 -0.304444  
 -0.324444  
 -0.300000  
 -0.322222  
 -0.315556  
 -0.315556  
 -0.320000  
 -0.302222  
 -0.313333  
 -0.322222  
 -0.324444  
 -0.335556  
 -0.360000  
 -0.375556  
 -0.395556  
 -0.397778  
 -0.377778  
 -0.373333  
 -0.377778  
 -0.380000  
 -0.373333  
 -0.368889  
 -0.348889  
 -0.355556  
 -0.346667  
 -0.342222  
 -0.346667  
 -0.371111  
 -0.353333  
 -0.364444  
 -0.355556  
 -0.346667  
 -0.353333  
 -0.344444  
 -0.353333  
 -0.328889  
 -0.364444  
 -0.351111  
 -0.357778  
 -0.333333  
 -0.324444  
 -0.324444  
 -0.335556  
 -0.328889  
 -0.322222  
 -0.322222  
 -0.322222  
 -0.331111  
 -0.317778  
 -0.351111  
 -0.360000  
 -0.373333  
 -0.357778  
 -0.375556  
 -0.404444  
 -0.437778  
 -0.455556  
 -0.422222  
 -0.415556  
 -0.397778  
 -0.431111  
 -0.433333  
 -0.440000  
 -0.440000  
 -0.413333  
 -0.448889  
 -0.466667  
 -0.480000  
 -0.448889  
 -0.457778  
 -0.462222  
 -0.460000  
 -0.480000  
 -0.480000  
 -0.462222  
 -0.473333  
 -0.464444  
 -0.440000  
 -0.435556  
 -0.428889  
 -0.406667  
 -0.393333  
 -0.395556  
 -0.406667  
 -0.428889  
 -0.440000  
 -0.440000  
 -0.437778  
 -0.464444  
 -0.482222  
 -0.515556  
 -0.513333  
 -0.515556  
 -0.520000  
 -0.508889  
 -0.517778  
 -0.500000  
 -0.513333  
 -0.528889  
 -0.520000  
 -0.493333  
 -0.493333  
 -0.495556  
 -0.500000  
 -0.520000  
 -0.535556  
 -0.535556  
 -0.535556  
 -0.540000  
 -0.533333  
 -0.544444  
 -0.537778  
 -0.528889  
 -0.528889  
 -0.568889  
 -0.562222  
 -0.593333  
 -0.604444  
 -0.635556  
 -0.606667  
 -0.651111  
 -0.660000  
 -0.660000  
 -0.660000  
 -0.671111  
 -0.633333  
 -0.644444  
 -0.628889  
 -0.635556  
 -0.655556  
 -0.662222  
 -0.695556  
 -0.720000  
 -0.724444  
 -0.720000  
 -0.733333  
 -0.746667  
 -0.753333  
 -0.782222  
 -0.793333  
 -0.835556  
 -0.855556  
 -0.855556  
 -0.864444  
 -0.873333  
 -0.882222  
 -0.884444  
 -0.860000  
 -0.851111  
 -0.828889  
 -0.875556  
 -0.882222  
 -0.904444  
 -0.900000  
 -0.877778  
 -0.891111  
 -0.900000  
 -0.882222  
 -0.882222  
 -0.882222  
 -0.868889  
 -0.904444  
 -0.911111  
 -0.908889  
 -0.913333  
 -0.933333  
 -0.944444  
 -0.940000  
 -0.935556  
 -0.920000  
 -0.922222  
 -0.922222  
 -0.928889  
 -0.931111  
 -0.935556  
 -0.935556  
 -0.944444  
 -0.953333  
 -0.960000  
 -0.944444  
 -0.948889  
 -0.940000  
 -0.937778  
 -0.931111  
 -0.928889  
 -0.937778  
 -0.928889  
 -0.931111  
 -0.931111  
 -0.926667  
 -0.937778  
 -0.928889  
 -0.926667  
 -0.935556  
 -0.951111  
 -0.951111  
 -0.957778  
 -0.933333  
 -0.924444  
 -0.920000  
 -0.928889  
 -0.924444  
 -0.922222  
 -0.920000  
 -0.948889  
 -0.926667  
 -0.915556  
 -0.917778  
 -0.908889  
 -0.922222  
 -0.944444  
 -0.942222  
 -0.940000  
 -0.955556  
 -0.933333  
 -0.920000  
 -0.933333  
 -0.935556  
 -0.915556  
 -0.926667  
 -0.920000  
 -0.922222  
 -0.904444  
 -0.917778  
 -0.902222  
 -0.884444  
 -0.888889  
 -0.886667  
 -0.922222  
 -0.908889  
 -0.904444  
 -0.904444  
 -0.902222  
 -0.904444  
 -0.922222  
 -0.933333  
 -0.926667  
 -0.931111  
 -0.924444  
 -0.891111  
 -0.906667  
 -0.895556  
 -0.871111  
 -0.873333  
 -0.871111  
 -0.888889  
 -0.888889  
 -0.913333  
 -0.904444  
 -0.908889  
 -0.920000  
 -0.940000  
 -0.937778  
 -0.922222  
 -0.937778  
 -0.942222  
 -0.944444  
 -0.922222  
 -0.928889  
 -0.920000  
 -0.911111  
 -0.911111  
 -0.924444  
 -0.942222  
 -0.924444  
 -0.904444  
 -0.902222  
 -0.902222  
 -0.917778  
 -0.913333  
 -0.897778  
 -0.875556  
 -0.888889  
 -0.911111  
 -0.926667  
 -0.908889  
 -0.895556  
 -0.897778  
 -0.886667  
 -0.884444  
 -0.862222  
 -0.862222  
 -0.857778  
 -0.857778  
 -0.866667  
 -0.877778  
 -0.875556  
 -0.893333  
 -0.884444  
 -0.893333  
 -0.911111  
 -0.922222  
 -0.911111  
 -0.924444  
 -0.924444  
 -0.915556  
 -0.924444  
 -0.937778  
 -0.940000  
 -0.933333  
 -0.924444  
 -0.942222  
 -0.946667  
 -0.960000  
 -0.953333  
 -0.935556  
 -0.920000  
 -0.911111  
 -0.926667  
 -0.926667  
 -0.920000  
 -0.922222  
 -0.920000  
 -0.926667  
 -0.924444  
 -0.931111  
 -0.920000  
 -0.917778  
 -0.913333  
 -0.933333  
 -0.935556  
 -0.935556  
 -0.931111  
 -0.933333  
 -0.924444  
 -0.931111  
 -0.944444  
 -0.942222  
 -0.946667  
 -0.935556  
 -0.931111  
 -0.928889  
 -0.924444  
 -0.920000  
 -0.942222  
 -0.935556  
 -0.924444  
 -0.933333  
 -0.935556  
 -0.933333  
 -0.917778  
 -0.913333  
 -0.895556  
 -0.906667  
 -0.906667  
 -0.900000  
 -0.902222  
 -0.906667  
 -0.902222  
 -0.900000  
 -0.902222  
 -0.893333  
 -0.904444  
 -0.902222  
 -0.908889  
 -0.902222  
 -0.884444  
 -0.906667  
 -0.897778  
 -0.868889  
 -0.891111  
 -0.900000  
 -0.897778  
 -0.891111  
 -0.893333  
 -0.904444  
 -0.893333  
 -0.908889  
 -0.928889  
 -0.920000  
 -0.942222  
 -0.946667  
 -0.926667  
 -0.946667  
 -0.951111  
 -0.957778  
 -0.944444  
 -0.944444  
 -0.946667  
 -0.966667  
 -0.944444  
 -0.933333  
 -0.926667  
 -0.940000  
 -0.920000  
 -0.917778  
 -0.897778  
 -0.904444  
 -0.904444  
 -0.906667  
 -0.902222  
 -0.911111  
 -0.915556  
 -0.924444  
 -0.917778  
 -0.911111  
 -0.911111  
 -0.920000  
 -0.913333  
 -0.906667  
 -0.888889  
 -0.868889  
 -0.886667  
 -0.897778  
 -0.920000  
 -0.902222  
 -0.906667  
 -0.913333  
 -0.911111  
 -0.891111  
 -0.893333  
 -0.888889  
 -0.868889  
 -0.851111  
 -0.864444  
 -0.886667  
 -0.875556  
 -0.886667  
 -0.886667  
 -0.900000  
 -0.911111  
 -0.913333  
 -0.911111  
 -0.911111  
 -0.911111  
 -0.915556  
 -0.922222  
 -0.911111  
 -0.913333  
 -0.911111  
 -0.900000  
 -0.882222  
 -0.884444  
 -0.880000  
 -0.893333  
 -0.891111  
 -0.902222  
 -0.900000  
 -0.884444  
 -0.897778  
 -0.886667  
 -0.877778  
 -0.877778  
 -0.897778  
 -0.895556  
 -0.895556  
 -0.895556  
 -0.915556  
 -0.935556  
 -0.935556  
 -0.926667  
 -0.924444  
 -0.920000  
 -0.922222  
 -0.924444  
 -0.917778  
 -0.893333  
 -0.871111  
 -0.864444  
 -0.877778  
 -0.875556  
 -0.891111  
 -0.920000  
 -0.897778  
 -0.920000  
 -0.915556  
 -0.946667  
 -0.942222  
 -0.937778  
 -0.935556  
 -0.913333  
 -0.877778  
 -0.857778  
 -0.877778  
 -0.886667  
 -0.906667  
 -0.913333  
 -0.917778  
 -0.900000  
 -0.891111  
 -0.877778  
 -0.880000  
 -0.882222  
 -0.904444  
 -0.891111  
 -0.900000  
 -0.900000  
 -0.915556  
 -0.908889  
 -0.915556  
 -0.908889  
 -0.924444  
 -0.946667  
 -0.904444  
 -0.893333  
 -0.893333  
 -0.911111  
 -0.924444  
 -0.926667  
 -0.931111  
 -0.928889  
 -0.902222  
 -0.915556  
 -0.915556  
 -0.895556  
 -0.897778  
 -0.913333  
 -0.924444  
 -0.926667  
 -0.924444  
 -0.928889  
 -0.920000  
 -0.920000  
 -0.926667  
 -0.926667  
 -0.906667  
 -0.935556  
 -0.944444  
 -0.922222  
 -0.895556  
 -0.900000  
 -0.915556  
 -0.913333  
 -0.922222  
 -0.931111  
 -0.895556  
 -0.882222  
 -0.893333  
 -0.913333  
 -0.900000  
 -0.920000  
 -0.906667  
 -0.911111  
 -0.902222  
 -0.886667  
 -0.882222  
 -0.895556  
 -0.886667  
 -0.888889  
 -0.842222  
 -0.833333  
 -0.855556  
 -0.844444  
 -0.831111  
 -0.806667  
 -0.782222  
 -0.800000  
 -0.815556  
 -0.824444  
 -0.813333  
 -0.808889  
 -0.800000  
 -0.800000  
 -0.824444  
 -0.846667  
 -0.857778  
 -0.860000  
 -0.871111  
 -0.882222  
 -0.857778  
 -0.877778  
 -0.864444  
 -0.873333  
 -0.880000  
 -0.882222  
 -0.864444  
 -0.873333  
 -0.888889  
 -0.886667  
 -0.893333  
 -0.871111  
 -0.880000  
 -0.871111  
 -0.888889  
 -0.891111  
 -0.904444  
 -0.902222  
 -0.913333  
 -0.913333  
 -0.900000  
 -0.913333  
 -0.911111  
 -0.931111  
 -0.926667  
 -0.928889  
 -0.940000  
 -0.951111  
 -0.955556  
 -0.955556  
 -0.960000  
 -0.951111  
 -0.955556  
 -0.955556  
 -0.935556  
 -0.902222  
 -0.922222  
 -0.886667  
 -0.891111  
 -0.864444  
 -0.868889  
 -0.891111  
 -0.911111  
 -0.913333  
 -0.908889  
 -0.900000  
 -0.886667  
 -0.871111  
 -0.886667  
 -0.882222  
 -0.866667  
 -0.866667  
 -0.893333  
 -0.900000  
 -0.922222  
 -0.922222  
 -0.915556  
 -0.922222  
 -0.924444  
 -0.908889  
 -0.915556  
 -0.906667  
 -0.893333  
 -0.891111  
 -0.884444  
 -0.913333  
 -0.928889  
 -0.931111  
 -0.920000  
 -0.944444  
 -0.942222  
 -0.946667  
 -0.928889  
 -0.931111  
 -0.891111  
 -0.900000  
 -0.906667  
 -0.886667  
 -0.913333  
 -0.913333  
 -0.908889  
 -0.924444  
 -0.920000  
 -0.933333  
 -0.937778  
 -0.937778  
 -0.917778  
 -0.922222  
 -0.920000  
 -0.917778  
 -0.935556  
 -0.951111  
 -0.951111  
 -0.940000  
 -0.935556  
 -0.937778  
 -0.931111  
 -0.926667  
 -0.935556  
 -0.922222  
 -0.911111  
 -0.933333  
 -0.942222  
 -0.953333  
 -0.962222  
 -0.951111  
 -0.942222  
 -0.908889  
 -0.895556  
 -0.902222  
 -0.924444  
 -0.935556  
 -0.933333  
 -0.922222  
 -0.926667  
 -0.906667  
 -0.911111  
 -0.928889  
 -0.933333  
 -0.924444  
 -0.926667  
 -0.928889  
 -0.922222  
 -0.906667  
 -0.891111  
 -0.897778  
 -0.897778  
 -0.893333  
 -0.902222  
 -0.891111  
 -0.902222  
 -0.920000  
 -0.917778  
 -0.915556  
 -0.924444  
 -0.935556  
 