-0.930184
0.000000
-0.930189
0.000000
-0.930194
0.000000
-0.930199
0.000000
-0.930204
0.000000
-0.930209
0.000000
-0.930214
0.000000
-0.930220
0.000000
-0.930225
0.000000
-0.930230
0.000000
-0.930235
0.000000
-0.930240
0.000000
-0.930245
0.000000
-0.930250
0.000000
-0.930255
0.000000
-0.930260
0.000000
-0.930265
0.000000
-0.930270
0.000000
-0.930275
0.000000
-0.930280
0.000000
-0.930285
0.000000
-0.930290
0.000000
-0.930295
0.000000
-0.930300
0.000000
-0.930305
0.000000
-0.930311
0.000000
-0.930316
0.000000
-0.930321
0.000000
-0.930326
0.000000
-0.930331
0.000000
-0.930336
0.000000
-0.930341
0.000000
-0.930346
0.000000
-0.930351
0.000000
-0.930356
0.000000
-0.930361
0.000000
-0.930366
0.000000
-0.930371
0.000000
-0.930376
0.000000
-0.930381
0.000000
-0.930386
0.000000
-0.930391
0.000000
-0.930396
0.000000
-0.930401
0.000000
-0.930407
0.000000
-0.930412
0.000000
-0.930417
0.000000
-0.930422
0.000000
-0.930427
0.000000
-0.930432
0.000000
-0.930437
0.000000
-0.930442
0.000000
-0.930447
0.000000
-0.930452
0.000000
-0.930457
0.000000
-0.930462
0.000000
-0.930467
0.000000
-0.930472
0.000000
-0.930477
0.000000
-0.930482
0.000000
-0.930487
0.000000
-0.930492
0.000000
-0.930497
0.000000
-0.930503
0.000000
-0.930508
0.000000
-0.930513
0.000000
-0.930518
0.000000
-0.930523
0.000000
-0.930528
0.000000
-0.930533
0.000000
-0.930538
0.000000
-0.930543
0.000000
-0.930548
0.000000
-0.930553
0.000000
-0.930558
0.000000
-0.930563
0.000000
-0.930568
0.000000
-0.930573
0.000000
-0.930578
0.000000
-0.930583
0.000000
-0.930588
0.000000
-0.930593
0.000000
-0.930598
0.000000
-0.930604
0.000000
-0.930609
0.000000
-0.930614
0.000000
-0.930619
0.000000
-0.930624
0.000000
-0.930629
0.000000
-0.930634
0.000000
-0.930639
0.000000
-0.930644
0.000000
-0.930649
0.000000
-0.930654
0.000000
-0.930659
0.000000
-0.930664
0.000000
-0.930669
0.000000
-0.930674
0.000000
-0.930679
0.000000
-0.930684
0.000000
-0.930689
0.000000
-0.930694
0.000000
-0.930699
0.000000
-0.930705
0.000000
-0.930710
0.000000
-0.930715
0.000000
-0.930720
0.000000
-0.930725
0.000000
-0.930730
0.000000
-0.930735
0.000000
-0.930740
0.000000
-0.930745
0.000000
-0.930750
0.000000
-0.930755
0.000000
-0.930760
0.000000
-0.930765
0.000000
-0.930770
0.000000
-0.930775
0.000000
-0.930780
0.000000
-0.930785
0.000000
-0.930790
0.000000
-0.930795
0.000000
-0.930800
0.000000
-0.930805
0.000000
-0.930810
0.000000
-0.930816
0.000000
-0.930821
0.000000
-0.930826
0.000000
-0.930831
0.000000
-0.930836
0.000000
-0.930841
0.000000
-0.930846
0.000000
-0.930851
0.000000
-0.930856
0.000000
-0.930861
0.000000
-0.930866
0.000000
-0.930871
0.000000
-0.930876
0.000000
-0.930881
0.000000
-0.930886
0.000000
-0.930891
0.000000
-0.930896
0.000000
-0.930901
0.000000
-0.930906
0.000000
-0.930911
0.000000
-0.930916
0.000000
-0.930921
0.000000
-0.930927
0.000000
-0.930932
0.000000
-0.930937
0.000000
-0.930942
0.000000
-0.930947
0.000000
-0.930952
0.000000
-0.930957
0.000000
-0.930962
0.000000
-0.930967
0.000000
-0.930972
0.000000
-0.930977
0.000000
-0.930982
0.000000
-0.930987
0.000000
-0.930992
0.000000
-0.930997
0.000000
-0.931002
0.000000
-0.931007
0.000000
-0.931012
0.000000
-0.931017
0.000000
-0.931022
0.000000
-0.931027
0.000000
-0.931032
0.000000
-0.931037
0.000000
-0.931043
0.000000
-0.931048
0.000000
-0.931053
0.000000
-0.931058
0.000000
-0.931063
0.000000
-0.931068
0.000000
-0.931073
0.000000
-0.931078
0.000000
-0.931083
0.000000
-0.931088
0.000000
-0.931093
0.000000
-0.931098
0.000000
-0.931103
0.000000
-0.931108
0.000000
-0.931113
0.000000
-0.931118
0.000000
-0.931123
0.000000
-0.931128
0.000000
-0.931133
0.000000
-0.931138
0.000000
-0.931143
0.000000
-0.931148
0.000000
-0.931153
0.000000
-0.931158
0.000000
-0.931163
0.000000
-0.931169
0.000000
-0.931174
0.000000
-0.931179
0.000000
-0.931184
0.000000
-0.931189
0.000000
-0.931194
0.000000
-0.931199
0.000000
-0.931204
0.000000
-0.931209
0.000000
-0.931214
0.000000
-0.931219
0.000000
-0.931224
0.000000
-0.931229
0.000000
-0.931234
0.000000
-0.931239
0.000000
-0.931244
0.000000
-0.931249
0.000000
-0.931254
0.000000
-0.931259
0.000000
-0.931264
0.000000
-0.931269
0.000000
-0.931274
0.000000
-0.931279
0.000000
-0.931284
0.000000
-0.931289
0.000000
-0.931295
0.000000
-0.931300
0.000000
-0.931305
0.000000
-0.931310
0.000000
-0.931315
0.000000
-0.931320
0.000000
-0.931325
0.000000
-0.931330
0.000000
-0.931335
0.000000
-0.931340
0.000000
-0.931345
0.000000
-0.931350
0.000000
-0.931355
0.000000
-0.931360
0.000000
-0.931365
0.000000
-0.931370
0.000000
-0.931375
0.000000
-0.931380
0.000000
-0.931385
0.000000
-0.931390
0.000000
-0.931395
0.000000
-0.931400
0.000000
-0.931405
0.000000
-0.931410
0.000000
-0.931415
0.000000
-0.931420
0.000000
-0.931425
0.000000
-0.931430
0.000000
-0.931436
0.000000
-0.931441
0.000000
-0.931446
0.000000
-0.931451
0.000000
-0.931456
0.000000
-0.931461
0.000000
-0.931466
0.000000
-0.931471
0.000000
-0.931476
0.000000
-0.931481
0.000000
-0.931486
0.000000
-0.931491
0.000000
-0.931496
0.000000
-0.931501
0.000000
-0.931506
0.000000
-0.931511
0.000000
-0.931516
0.000000
-0.931521
0.000000
-0.931526
0.000000
-0.931531
0.000000
-0.931536
0.000000
-0.931541
0.000000
-0.931546
0.000000
-0.931551
0.000000
-0.931556
0.000000
-0.931561
0.000000
-0.931566
0.000000
-0.931571
0.000000
-0.931576
0.000000
-0.931582
0.000000
-0.931587
0.000000
-0.931592
0.000000
-0.931597
0.000000
-0.931602
0.000000
-0.931607
0.000000
-0.931612
0.000000
-0.931617
0.000000
-0.931622
0.000000
-0.931627
0.000000
-0.931632
0.000000
-0.931637
0.000000
-0.931642
0.000000
-0.931647
0.000000
-0.931652
0.000000
-0.931657
0.000000
-0.931662
0.000000
-0.931667
0.000000
-0.931672
0.000000
-0.931677
0.000000
-0.931682
0.000000
-0.931687
0.000000
-0.931692
0.000000
-0.931697
0.000000
-0.931702
0.000000
-0.931707
0.000000
-0.931712
0.000000
-0.931717
0.000000
-0.931722
0.000000
-0.931727
0.000000
-0.931732
0.000000
-0.931737
0.000000
-0.931743
0.000000
-0.931748
0.000000
-0.931753
0.000000
-0.931758
0.000000
-0.931763
0.000000
-0.931768
0.000000
-0.931773
0.000000
-0.931778
0.000000
-0.931783
0.000000
-0.931788
0.000000
-0.931793
0.000000
-0.931798
0.000000
-0.931803
0.000000
-0.931808
0.000000
-0.931813
0.000000
-0.931818
0.000000
-0.931823
0.000000
-0.931828
0.000000
-0.931833
0.000000
-0.931838
0.000000
-0.931843
0.000000
-0.931848
0.000000
-0.931853
0.000000
-0.931858
0.000000
-0.931863
0.000000
-0.931868
0.000000
-0.931873
0.000000
-0.931878
0.000000
-0.931883
0.000000
-0.931888
0.000000
-0.931893
0.000000
-0.931898
0.000000
-0.931903
0.000000
-0.931908
0.000000
-0.931913
0.000000
-0.931918
0.000000
-0.931924
0.000000
-0.931929
0.000000
-0.931934
0.000000
-0.931939
0.000000
-0.931944
0.000000
-0.931949
0.000000
-0.931954
0.000000
-0.931959
0.000000
-0.931964
0.000000
-0.931969
0.000000
-0.931974
0.000000
-0.931979
0.000000
-0.931984
0.000000
-0.931989
0.000000
-0.931994
0.000000
-0.931999
0.000000
-0.932004
0.000000
-0.932009
0.000000
-0.932014
0.000000
-0.932019
0.000000
-0.932024
0.000000
-0.932029
0.000000
-0.932034
0.000000
-0.932039
0.000000
-0.932044
0.000000
-0.932049
0.000000
-0.932054
0.000000
-0.932059
0.000000
-0.932064
0.000000
-0.932069
0.000000
-0.932074
0.000000
-0.932079
0.000000
-0.932084
0.000000
-0.932089
0.000000
-0.932094
0.000000
-0.932099
0.000000
-0.932104
0.000000
-0.932109
0.000000
-0.932114
0.000000
-0.932119
0.000000
-0.932125
0.000000
-0.932130
0.000000
-0.932135
0.000000
-0.932140
0.000000
-0.932145
0.000000
-0.932150
0.000000
-0.932155
0.000000
-0.932160
0.000000
-0.932165
0.000000
-0.932170
0.000000
-0.932175
0.000000
-0.932180
0.000000
-0.932185
0.000000
-0.932190
0.000000
-0.932195
0.000000
-0.932200
0.000000
-0.932205
0.000000
-0.932210
0.000000
-0.932215
0.000000
-0.932220
0.000000
-0.932225
0.000000
-0.932230
0.000000
-0.932235
0.000000
-0.932240
0.000000
-0.932245
0.000000
-0.932250
0.000000
-0.932255
0.000000
-0.932260
0.000000
-0.932265
0.000000
-0.932270
0.000000
-0.932275
0.000000
-0.932280
0.000000
-0.932285
0.000000
-0.932290
0.000000
-0.932295
0.000000
-0.932300
0.000000
-0.932305
0.000000
-0.932310
0.000000
-0.932315
0.000000
-0.932320
0.000000
-0.932325
0.000000
-0.932330
0.000000
-0.932335
0.000000
-0.932340
0.000000
-0.932345
0.000000
-0.932350
0.000000
-0.932355
0.000000
-0.932361
0.000000
-0.932366
0.000000
-0.932371
0.000000
-0.932376
0.000000
-0.932381
0.000000
-0.932386
0.000000
-0.932391
0.000000
-0.932396
0.000000
-0.932401
0.000000
-0.932406
0.000000
-0.932411
0.000000
-0.932416
0.000000
-0.932421
0.000000
-0.932426
0.000000
-0.932431
0.000000
-0.932436
0.000000
-0.932441
0.000000
-0.932446
0.000000
-0.932451
0.000000
-0.932456
0.000000
-0.932461
0.000000
-0.932466
0.000000
-0.932471
0.000000
-0.932476
0.000000
-0.932481
0.000000
-0.932486
0.000000
-0.932491
0.000000
-0.932496
0.000000
-0.932501
0.000000
-0.932506
0.000000
-0.932511
0.000000
-0.932516
0.000000
-0.932521
0.000000
-0.932526
0.000000
-0.932531
0.000000
-0.932536
0.000000
-0.932541
0.000000
-0.932546
0.000000
-0.932551
0.000000
-0.932556
0.000000
-0.932561
0.000000
-0.932566
0.000000
-0.932571
0.000000
-0.932576
0.000000
-0.932581
0.000000
-0.932586
0.000000
-0.932591
0.000000
-0.932596
0.000000
-0.932601
0.000000
-0.932606
0.000000
-0.932611
0.000000
-0.932616
0.000000
-0.932621
0.000000
-0.932626
0.000000
-0.932631
0.000000
-0.932636
0.000000
-0.932641
0.000000
-0.932646
0.000000
-0.932651
0.000000
-0.932656
0.000000
-0.932661
0.000000
-0.932667
0.000000
-0.932672
0.000000
-0.932677
0.000000
-0.932682
0.000000
-0.932687
0.000000
-0.932692
0.000000
-0.932697
0.000000
-0.932702
0.000000
-0.932707
0.000000
-0.932712
0.000000
-0.932717
0.000000
-0.932722
0.000000
-0.932727
0.000000
-0.932732
0.000000
-0.932737
0.000000
-0.932742
0.000000
-0.932747
0.000000
-0.932752
0.000000
-0.932757
0.000000
-0.932762
0.000000
-0.932767
0.000000
-0.932772
0.000000
-0.932777
0.000000
-0.932782
0.000000
-0.932787
0.000000
-0.932792
0.000000
-0.932797
0.000000
-0.932802
0.000000
-0.932807
0.000000
-0.932812
0.000000
-0.932817
0.000000
-0.932822
0.000000
-0.932827
0.000000
-0.932832
0.000000
-0.932837
0.000000
-0.932842
0.000000
-0.932847
0.000000
-0.932852
0.000000
-0.932857
0.000000
-0.932862
0.000000
-0.932867
0.000000
-0.932872
0.000000
-0.932877
0.000000
-0.932882
0.000000
-0.932887
0.000000
-0.932892
0.000000
-0.932897
0.000000
-0.932902
0.000000
-0.932907
0.000000
-0.932912
0.000000
-0.932917
0.000000
-0.932922
0.000000
-0.932927
0.000000
-0.932932
0.000000
-0.932937
0.000000
-0.932942
0.000000
-0.932947
0.000000
-0.932952
0.000000
-0.932957
0.000000
-0.932962
0.000000
-0.932967
0.000000
-0.932972
0.000000
-0.932977
0.000000
-0.932982
0.000000
-0.932987
0.000000
-0.932992
0.000000
-0.932997
0.000000
-0.933002
0.000000
-0.933007
0.000000
-0.933012
0.000000
-0.933017
0.000000
-0.933022
0.000000
-0.933027
0.000000
-0.933032
0.000000
-0.933037
0.000000
-0.933042
0.000000
-0.933047
0.000000
-0.933052
0.000000
-0.933057
0.000000
-0.933062
0.000000
-0.933067
0.000000
-0.933072
0.000000
-0.933077
0.000000
-0.933082
0.000000
-0.933087
0.000000
-0.933092
0.000000
-0.933097
0.000000
-0.933102
0.000000
-0.933107
0.000000
-0.933112
0.000000
-0.933117
0.000000
-0.933122
0.000000
-0.933127
0.000000
-0.933132
0.000000
-0.933137
0.000000
-0.933142
0.000000
-0.933147
0.000000
-0.933152
0.000000
-0.933157
0.000000
-0.933162
0.000000
-0.933167
0.000000
-0.933172
0.000000
-0.933177
0.000000
-0.933182
0.000000
-0.933187
0.000000
-0.933192
0.000000
-0.933197
0.000000
-0.933202
0.000000
-0.933207
0.000000
-0.933212
0.000000
-0.933217
0.000000
-0.933222
0.000000
-0.933227
0.000000
-0.933232
0.000000
-0.933237
0.000000
-0.933242
0.000000
-0.933247
0.000000
-0.933252
0.000000
-0.933257
0.000000
-0.933262
0.000000
-0.933267
0.000000
-0.933272
0.000000
-0.933278
0.000000
-0.933283
0.000000
-0.933288
0.000000
-0.933293
0.000000
-0.933298
0.000000
-0.933303
0.000000
-0.933308
0.000000
-0.933313
0.000000
-0.933318
0.000000
-0.933323
0.000000
-0.933328
0.000000
-0.933333
0.000000
-0.933338
0.000000
-0.933343
0.000000
-0.933348
0.000000
-0.933353
0.000000
-0.933358
0.000000
-0.933363
0.000000
-0.933368
0.000000
-0.933373
0.000000
-0.933378
0.000000
-0.933383
0.000000
-0.933388
0.000000
-0.933393
0.000000
-0.933398
0.000000
-0.933403
0.000000
-0.933408
0.000000
-0.933413
0.000000
-0.933418
0.000000
-0.933423
0.000000
-0.933428
0.000000
-0.933433
0.000000
-0.933438
0.000000
-0.933443
0.000000
-0.933448
0.000000
-0.933453
0.000000
-0.933458
0.000000
-0.933463
0.000000
-0.933468
0.000000
-0.933473
0.000000
-0.933478
0.000000
-0.933483
0.000000
-0.933488
0.000000
-0.933493
0.000000
-0.933498
0.000000
-0.933503
0.000000
-0.933508
0.000000
-0.933513
0.000000
-0.933518
0.000000
-0.933523
0.000000
-0.933528
0.000000
-0.933533
0.000000
-0.933538
0.000000
-0.933543
0.000000
-0.933548
0.000000
-0.933553
0.000000
-0.933558
0.000000
-0.933563
0.000000
-0.933568
0.000000
-0.933573
0.000000
-0.933578
0.000000
-0.933583
0.000000
-0.933588
0.000000
-0.933592
0.000000
-0.933597
0.000000
-0.933602
0.000000
-0.933607
0.000000
-0.933612
0.000000
-0.933617
0.000000
-0.933622
0.000000
-0.933627
0.000000
-0.933632
0.000000
-0.933637
0.000000
-0.933642
0.000000
-0.933647
0.000000
-0.933652
0.000000
-0.933657
0.000000
-0.933662
0.000000
-0.933667
0.000000
-0.933672
0.000000
-0.933677
0.000000
-0.933682
0.000000
-0.933687
0.000000
-0.933692
0.000000
-0.933697
0.000000
-0.933702
0.000000
-0.933707
0.000000
-0.933712
0.000000
-0.933717
0.000000
-0.933722
0.000000
-0.933727
0.000000
-0.933732
0.000000
-0.933737
0.000000
-0.933742
0.000000
-0.933747
0.000000
-0.933752
0.000000
-0.933757
0.000000
-0.933762
0.000000
-0.933767
0.000000
-0.933772
0.000000
-0.933777
0.000000
-0.933782
0.000000
-0.933787
0.000000
-0.933792
0.000000
-0.933797
0.000000
-0.933802
0.000000
-0.933807
0.000000
-0.933812
0.000000
-0.933817
0.000000
-0.933822
0.000000
-0.933827
0.000000
-0.933832
0.000000
-0.933837
0.000000
-0.933842
0.000000
-0.933847
0.000000
-0.933852
0.000000
-0.933857
0.000000
-0.933862
0.000000
-0.933867
0.000000
-0.933872
0.000000
-0.933877
0.000000
-0.933882
0.000000
-0.933887
0.000000
-0.933892
0.000000
-0.933897
0.000000
-0.933902
0.000000
-0.933907
0.000000
-0.933912
0.000000
-0.933917
0.000000
-0.933922
0.000000
-0.933927
0.000000
-0.933932
0.000000
-0.933937
0.000000
-0.933942
0.000000
-0.933947
0.000000
-0.933952
0.000000
-0.933957
0.000000
-0.933962
0.000000
-0.933967
0.000000
-0.933972
0.000000
-0.933977
0.000000
-0.933982
0.000000
-0.933987
0.000000
-0.933992
0.000000
-0.933997
0.000000
-0.934002
0.000000
-0.934007
0.000000
-0.934012
0.000000
-0.934017
0.000000
-0.934022
0.000000
-0.934027
0.000000
-0.934032
0.000000
-0.934037
0.000000
-0.934042
0.000000
-0.934047
0.000000
-0.934052
0.000000
-0.934057
0.000000
-0.934062
0.000000
-0.934067
0.000000
-0.934072
0.000000
-0.934077
0.000000
-0.934082
0.000000
-0.934087
0.000000
-0.934092
0.000000
-0.934097
0.000000
-0.934102
0.000000
-0.934107
0.000000
-0.934112
0.000000
-0.934117
0.000000
-0.934122
0.000000
-0.934127
0.000000
-0.934132
0.000000
-0.934137
0.000000
-0.934142
0.000000
-0.934147
0.000000
-0.934152
0.000000
-0.934157
0.000000
-0.934162
0.000000
-0.934167
0.000000
-0.934172
0.000000
-0.934177
0.000000
-0.934182
0.000000
-0.934187
0.000000
-0.934192
0.000000
-0.934196
0.000000
-0.934201
0.000000
-0.934206
0.000000
-0.934211
0.000000
-0.934216
0.000000
-0.934221
0.000000
-0.934226
0.000000
-0.934231
0.000000
-0.934236
0.000000
-0.934241
0.000000
-0.934246
0.000000
-0.934251
0.000000
-0.934256
0.000000
-0.934261
0.000000
-0.934266
0.000000
-0.934271
0.000000
-0.934276
0.000000
-0.934281
0.000000
-0.934286
0.000000
-0.934291
0.000000
-0.934296
0.000000
-0.934301
0.000000
-0.934306
0.000000
-0.934311
0.000000
-0.934316
0.000000
-0.934321
0.000000
-0.934326
0.000000
-0.934331
0.000000
-0.934336
0.000000
-0.934341
0.000000
-0.934346
0.000000
-0.934351
0.000000
-0.934356
0.000000
-0.934361
0.000000
-0.934366
0.000000
-0.934371
0.000000
-0.934376
0.000000
-0.934381
0.000000
-0.934386
0.000000
-0.934391
0.000000
-0.934396
0.000000
-0.934401
0.000000
-0.934406
0.000000
-0.934411
0.000000
-0.934416
0.000000
-0.934421
0.000000
-0.934426
0.000000
-0.934431
0.000000
-0.934436
0.000000
-0.934441
0.000000
-0.934446
0.000000
-0.934451
0.000000
-0.934456
0.000000
-0.934461
0.000000
-0.934466
0.000000
-0.934471
0.000000
-0.934476
0.000000
-0.934481
0.000000
-0.934486
0.000000
-0.934491
0.000000
-0.934496
0.000000
-0.934500
0.000000
-0.934505
0.000000
-0.934